0.0011999	40
0.00263965	45
0.00436705	50
0.00643992	55
0.00892676	60
0.0119101	64
0.0154883	69
0.0197816	74
0.0249318	79
0.031112	83
0.0385282	88
0.0474198	93
0.0580705	98
0.0708403	103
0.0861483	108
0.104484	113
0.126437	117
0.15278	122
0.184256	127
0.221879	132
0.266955	137
0.32074	142
0.384839	147
0.461759	151
0.552523	156
0.651356	161
0.750189	166
0.849022	171
0.947855	175
1.04669	180
1.14552	186
1.24435	192
1.34319	197
1.44202	202
1.54085	209
1.63968	214
1.73852	220
1.83735	226
1.93618	233
2.03502	240
2.13385	246
2.23268	253
2.33151	261
2.43035	268
2.52918	275
2.62801	282
2.72685	289
2.82568	296
2.92451	304
3.02334	312
3.12218	319
3.22101	326
3.31984	333
3.41867	340
3.51751	347
3.61634	355
3.71517	362
3.81401	369
3.91284	377
4.01167	384
4.1105	391
4.20934	399
4.30817	406
4.407	413
4.50584	420
4.60467	428
4.7035	435
4.80233	443
4.90117	450
5	460
5.1	467
5.2	475
5.3	482
5.4	490
5.5	497
5.6	504
5.7	511
5.8	518
5.9	525
6	533
6.1	540
6.2	548
6.3	555
6.4	562
6.5	569
6.6	576
6.7	583
6.8	590
6.9	597
7	604
7.1	611
7.2	618
7.3	625
7.4	632
7.5	638
7.6	645
7.7	652
7.8	659
7.9	666
8	673
8.1	679
8.2	687
8.3	694
8.4	701
8.5	708
8.6	715
8.7	722
8.8	729
8.9	735
9	742
9.1	749
9.2	756
9.3	763
9.4	770
9.5	777
9.6	783
9.7	790
9.8	797
9.9	804
10	813
10.1	820
10.2	827
10.3	833
10.4	840
10.5	847
10.6	853
10.7	860
10.8	867
10.9	873
11	880
11.1	886
11.2	893
11.3	900
11.4	907
11.5	913
11.6	920
11.7	927
11.8	934
11.9	940
12	947
12.1	953
12.2	960
12.3	966
12.4	972
12.5	979
12.6	985
12.7	992
12.8	999
12.9	1005
13	1012
13.1	1018
13.2	1025
13.3	1031
13.4	1038
13.5	1044
13.6	1051
13.7	1057
13.8	1063
13.9	1070
14	1076
14.1	1082
14.2	1088
14.3	1094
14.4	1100
14.5	1106
14.6	1112
14.7	1118
14.8	1124
14.9	1130
15	1139
15.1	1145
15.2	1151
15.3	1158
15.4	1163
15.5	1170
15.6	1176
15.7	1182
15.8	1188
15.9	1194
16	1200
16.1	1206
16.2	1213
16.3	1219
16.4	1225
16.5	1231
16.6	1237
16.7	1243
16.8	1249
16.9	1255
17	1261
17.1	1267
17.2	1274
17.3	1280
17.4	1285
17.5	1291
17.6	1298
17.7	1304
17.8	1311
17.9	1318
18	1324
18.1	1331
18.2	1337
18.3	1343
18.4	1349
18.5	1355
18.6	1362
18.7	1368
18.8	1375
18.9	1381
19	1387
19.1	1394
19.2	1400
19.3	1406
19.4	1412
19.5	1419
19.6	1426
19.7	1431
19.8	1437
19.9	1444
20	1452
20.1	1458
20.2	1464
20.3	1470
20.4	1476
20.5	1483
20.6	1489
20.7	1495
20.8	1501
20.9	1507
21	1514
21.1	1519
21.2	1525
21.3	1531
21.4	1537
21.5	1543
21.6	1549
21.7	1556
21.8	1562
21.9	1568
22	1574
22.1	1580
22.2	1586
22.3	1592
22.4	1598
22.5	1604
22.6	1610
22.7	1616
22.8	1622
22.9	1629
23	1634
23.1	1640
23.2	1647
23.3	1654
23.4	1660
23.5	1666
23.6	1672
23.7	1678
23.8	1684
23.9	1691
24	1697
24.1	1703
24.2	1709
24.3	1716
24.4	1722
24.5	1729
24.6	1735
24.7	1742
24.8	1748
24.9	1753
25	1762
25.1	1769
25.2	1775
25.3	1781
25.4	1787
25.5	1792
25.6	1798
25.7	1805
25.8	1811
25.9	1818
26	1824
26.1	1831
26.2	1837
26.3	1844
26.4	1850
26.5	1857
26.6	1864
26.7	1870
26.8	1877
26.9	1883
27	1890
27.1	1897
27.2	1903
27.3	1910
27.4	1917
27.5	1923
27.6	1930
27.7	1936
27.8	1943
27.9	1949
28	1956
28.1	1962
28.2	1969
28.3	1976
28.4	1982
28.5	1989
28.6	1996
28.7	2002
28.8	2009
28.9	2015
29	2022
29.1	2028
29.2	2035
29.3	2042
29.4	2048
29.5	2055
29.6	2062
29.7	2068
29.8	2074
29.9	2081
30	2090
30.1	2096
30.2	2103
30.3	2109
30.4	2116
30.5	2123
30.6	2129
30.7	2136
30.8	2143
30.9	2149
31	2155
31.1	2162
31.2	2169
31.3	2175
31.4	2182
31.5	2188
31.6	2195
31.7	2201
31.8	2208
31.9	2214
32	2221
32.1	2228
32.2	2234
32.3	2241
32.4	2248
32.5	2254
32.6	2261
32.7	2268
32.8	2275
32.9	2281
33	2288
33.1	2295
33.2	2302
33.3	2308
33.4	2315
33.5	2322
33.6	2328
33.7	2335
33.8	2342
33.9	2348
34	2355
34.1	2362
34.2	2368
34.3	2375
34.4	2382
34.5	2388
34.6	2395
34.7	2401
34.8	2408
34.9	2414
35	2422
35.1	2429
35.2	2435
35.3	2442
35.4	2449
35.5	2455
35.6	2462
35.7	2469
35.8	2475
35.9	2482
36	2489
36.1	2495
36.2	2502
36.3	2509
36.4	2515
36.5	2522
36.6	2529
36.7	2535
36.8	2542
36.9	2549
37	2555
37.1	2562
37.2	2568
37.3	2574
37.4	2581
37.5	2588
37.6	2594
37.7	2601
37.8	2607
37.9	2614
38	2621
38.1	2628
38.2	2634
38.3	2641
38.4	2647
38.5	2654
38.6	2661
38.7	2667
38.8	2674
38.9	2680
39	2687
39.1	2694
39.2	2700
39.3	2707
39.4	2713
39.5	2720
39.6	2726
39.7	2733
39.8	2740
39.9	2746
40	2755
40.1	2762
40.2	2768
40.3	2775
40.4	2782
40.5	2789
40.6	2795
40.7	2802
40.8	2809
40.9	2816
41	2822
41.1	2829
41.2	2836
41.3	2842
41.4	2849
41.5	2855
41.6	2862
41.7	2868
41.8	2875
41.9	2881
42	2888
42.1	2895
42.2	2901
42.3	2908
42.4	2914
42.5	2921
42.6	2927
42.7	2934
42.8	2941
42.9	2947
43	2954
43.1	2961
43.2	2967
43.3	2974
43.4	2980
43.5	2987
43.6	2993
43.7	3000
43.8	3006
43.9	3013
44	3019
44.1	3026
44.2	3033
44.3	3040
44.4	3046
44.5	3053
44.6	3059
44.7	3066
44.8	3073
44.9	3080
45	3089
45.1	3095
45.2	3102
45.3	3108
45.4	3115
45.5	3121
45.6	3128
45.7	3135
45.8	3141
45.9	3147
46	3154
46.1	3161
46.2	3167
46.3	3174
46.4	3181
46.5	3187
46.6	3194
46.7	3201
46.8	3208
46.9	3214
47	3221
47.1	3227
47.2	3234
47.3	3241
47.4	3247
47.5	3254
47.6	3261
47.7	3268
47.8	3274
47.9	3281
48	3287
48.1	3293
48.2	3300
48.3	3307
48.4	3313
48.5	3320
48.6	3326
48.7	3333
48.8	3340
48.9	3346
49	3353
49.1	3360
49.2	3366
49.3	3373
49.4	3379
49.5	3386
49.6	3393
49.7	3399
49.8	3406
49.9	3412
50	3421
50.1	3428
50.2	3435
50.3	3441
50.4	3448
50.5	3455
50.6	3461
50.7	3468
50.8	3474
50.9	3481
51	3487
51.1	3494
51.2	3501
51.3	3508
51.4	3514
51.5	3521
51.6	3527
51.7	3534
51.8	3541
51.9	3548
52	3555
52.1	3561
52.2	3568
52.3	3575
52.4	3581
52.5	3588
52.6	3595
52.7	3602
52.8	3608
52.9	3615
53	3622
53.1	3629
53.2	3635
53.3	3642
53.4	3648
53.5	3655
53.6	3662
53.7	3668
53.8	3675
53.9	3682
54	3688
54.1	3695
54.2	3702
54.3	3708
54.4	3715
54.5	3722
54.6	3728
54.7	3735
54.8	3742
54.9	3749
55	3758
55.1	3765
55.2	3771
55.3	3778
55.4	3784
55.5	3791
55.6	3797
55.7	3804
55.8	3811
55.9	3818
56	3825
56.1	3831
56.2	3838
56.3	3845
56.4	3852
56.5	3858
56.6	3865
56.7	3872
56.8	3878
56.9	3885
57	3891
57.1	3898
57.2	3904
57.3	3911
57.4	3917
57.5	3924
57.6	3930
57.7	3937
57.8	3944
57.9	3950
58	3957
58.1	3964
58.2	3970
58.3	3977
58.4	3984
58.5	3990
58.6	3997
58.7	4004
58.8	4011
58.9	4017
59	4024
59.1	4030
59.2	4037
59.3	4043
59.4	4050
59.5	4057
59.6	4064
59.7	4070
59.8	4076
59.9	4083
60	4092
60.1	4098
60.2	4105
60.3	4112
60.4	4118
60.5	4125
60.6	4132
60.7	4138
60.8	4145
60.9	4152
61	4158
61.1	4165
61.2	4172
61.3	4179
61.4	4185
61.5	4192
61.6	4198
61.7	4205
61.8	4211
61.9	4217
62	4224
62.1	4230
62.2	4237
62.3	4244
62.4	4250
62.5	4257
62.6	4263
62.7	4270
62.8	4276
62.9	4283
63	4289
63.1	4296
63.2	4302
63.3	4309
63.4	4315
63.5	4322
63.6	4328
63.7	4335
63.8	4342
63.9	4348
64	4355
64.1	4362
64.2	4368
64.3	4374
64.4	4381
64.5	4387
64.6	4394
64.7	4400
64.8	4407
64.9	4413
65	4422
65.1	4429
65.2	4435
65.3	4442
65.4	4448
65.5	4455
65.6	4461
65.7	4468
65.8	4474
65.9	4481
66	4487
66.1	4494
66.2	4501
66.3	4508
66.4	4514
66.5	4521
66.6	4528
66.7	4534
66.8	4541
66.9	4547
67	4554
67.1	4560
67.2	4567
67.3	4574
67.4	4580
67.5	4587
67.6	4594
67.7	4600
67.8	4607
67.9	4614
68	4621
68.1	4627
68.2	4634
68.3	4641
68.4	4647
68.5	4654
68.6	4660
68.7	4667
68.8	4673
68.9	4680
69	4686
69.1	4692
69.2	4699
69.3	4706
69.4	4713
69.5	4720
69.6	4726
69.7	4733
69.8	4740
69.9	4746
70	4755
70.1	4762
70.2	4769
70.3	4775
70.4	4782
70.5	4788
70.6	4795
70.7	4802
70.8	4808
70.9	4815
71	4821
71.1	4828
71.2	4835
71.3	4842
71.4	4848
71.5	4855
71.6	4861
71.7	4868
71.8	4875
71.9	4882
72	4888
72.1	4895
72.2	4902
72.3	4908
72.4	4915
72.5	4921
72.6	4928
72.7	4934
72.8	4941
72.9	4947
73	4954
73.1	4960
73.2	4967
73.3	4973
73.4	4980
73.5	4986
73.6	4993
73.7	4999
73.8	5005
73.9	5012
74	5017
74.1	5023
74.2	5029
74.3	5034
74.4	5041
74.5	5047
74.6	5054
74.7	5060
74.8	5067
74.9	5073
75	5082
75.1	5088
75.2	5094
75.3	5101
75.4	5107
75.5	5113
75.6	5120
75.7	5126
75.8	5132
75.9	5139
76	5145
76.1	5152
76.2	5158
76.3	5165
76.4	5171
76.5	5178
76.6	5184
76.7	5190
76.8	5197
76.9	5203
77	5210
77.1	5215
77.2	5221
77.3	5227
77.4	5234
77.5	5240
77.6	5245
77.7	5251
77.8	5256
77.9	5262
78	5267
78.1	5273
78.2	5279
78.3	5286
78.4	5292
78.5	5297
78.6	5304
78.7	5309
78.8	5315
78.9	5322
79	5328
79.1	5333
79.2	5339
79.3	5344
79.4	5350
79.5	5356
79.6	5363
79.7	5369
79.8	5375
79.9	5381
80	5389
80.1	5394
80.2	5401
80.3	5407
80.4	5414
80.5	5420
80.6	5426
80.7	5431
80.8	5438
80.9	5444
81	5450
81.1	5455
81.2	5461
81.3	5467
81.4	5473
81.5	5479
81.6	5484
81.7	5491
81.8	5497
81.9	5503
82	5508
82.1	5514
82.2	5520
82.3	5526
82.4	5532
82.5	5538
82.6	5544
82.7	5550
82.8	5556
82.9	5561
83	5568
83.1	5574
83.2	5579
83.3	5586
83.4	5592
83.5	5598
83.6	5604
83.7	5611
83.8	5617
83.9	5623
84	5630
84.1	5636
84.2	5641
84.3	5648
84.4	5654
84.5	5659
84.6	5666
84.7	5671
84.8	5677
84.9	5684
85	5692
85.1	5697
85.2	5703
85.3	5709
85.4	5714
85.5	5721
85.6	5726
85.7	5732
85.8	5737
85.9	5743
86	5749
86.1	5755
86.2	5761
86.3	5767
86.4	5773
86.5	5778
86.6	5785
86.7	5791
86.8	5796
86.9	5803
87	5808
87.1	5814
87.2	5820
87.3	5825
87.4	5831
87.5	5837
87.6	5843
87.7	5848
87.8	5855
87.9	5860
88	5866
88.1	5872
88.2	5878
88.3	5884
88.4	5890
88.5	5895
88.6	5901
88.7	5908
88.8	5913
88.9	5919
89	5925
89.1	5931
89.2	5937
89.3	5943
89.4	5949
89.5	5954
89.6	5960
89.7	5966
89.8	5971
89.9	5978
90	5986
90.1	5991
90.2	5997
90.3	6003
90.4	6008
90.5	6015
90.6	6020
90.7	6026
90.8	6032
90.9	6037
91	6043
91.1	6048
91.2	6053
91.3	6060
91.4	6065
91.5	6071
91.6	6077
91.7	6082
91.8	6088
91.9	6094
92	6100
92.1	6106
92.2	6112
92.3	6117
92.4	6122
92.5	6126
92.6	6131
92.7	6136
92.8	6141
92.9	6146
93	6151
93.1	6155
93.2	6160
93.3	6165
93.4	6170
93.5	6175
93.6	6180
93.7	6185
93.8	6190
93.9	6195
94	6200
94.1	6205
94.2	6210
94.3	6215
94.4	6220
94.5	6225
94.6	6230
94.7	6235
94.8	6240
94.9	6245
95	6252
95.1	6257
95.2	6262
95.3	6267
95.4	6272
95.5	6276
95.6	6281
95.7	6286
95.8	6291
95.9	6296
96	6301
96.1	6306
96.2	6311
96.3	6316
96.4	6321
96.5	6326
96.6	6331
96.7	6336
96.8	6340
96.9	6345
97	6350
97.1	6355
97.2	6360
97.3	6365
97.4	6369
97.5	6374
97.6	6379
97.7	6384
97.8	6389
97.9	6394
98	6398
98.1	6403
98.2	6408
98.3	6413
98.4	6417
98.5	6422
98.6	6427
98.7	6432
98.8	6437
98.9	6442
99	6447
99.1	6452
99.2	6457
99.3	6462
99.4	6467
99.5	6471
99.6	6476
99.7	6481
99.8	6486
99.9	6491
100	6498
100.1	6503
100.2	6508
100.3	6513
100.4	6518
100.5	6522
100.6	6527
100.7	6532
100.8	6537
100.9	6542
101	6547
101.1	6552
101.2	6557
101.3	6562
101.4	6567
101.5	6572
101.6	6577
101.7	6582
101.8	6586
101.9	6591
102	6597
102.1	6602
102.2	6607
102.3	6612
102.4	6617
102.5	6622
102.6	6627
102.7	6632
102.8	6636
102.9	6641
103	6646
103.1	6651
103.2	6656
103.3	6661
103.4	6666
103.5	6671
103.6	6675
103.7	6680
103.8	6685
103.9	6690
104	6694
104.1	6699
104.2	6704
104.3	6709
104.4	6713
104.5	6718
104.6	6723
104.7	6728
104.8	6733
104.9	6737
105	6744
105.1	6749
105.2	6754
105.3	6759
105.4	6764
105.5	6769
105.6	6774
105.7	6779
105.8	6784
105.9	6788
106	6793
106.1	6798
106.2	6802
106.3	6807
106.4	6812
106.5	6817
106.6	6822
106.7	6827
106.8	6832
106.9	6836
107	6841
107.1	6846
107.2	6851
107.3	6856
107.4	6860
107.5	6865
107.6	6870
107.7	6875
107.8	6880
107.9	6885
108	6889
108.1	6894
108.2	6899
108.3	6904
108.4	6909
108.5	6913
108.6	6918
108.7	6923
108.8	6928
108.9	6933
109	6937
109.1	6942
109.2	6947
109.3	6952
109.4	6957
109.5	6961
109.6	6966
109.7	6971
109.8	6976
109.9	6980
110	6988
110.1	6993
110.2	6998
110.3	7002
110.4	7007
110.5	7012
110.6	7017
110.7	7022
110.8	7027
110.9	7031
111	7036
111.1	7041
111.2	7046
111.3	7050
111.4	7055
111.5	7060
111.6	7065
111.7	7070
111.8	7075
111.9	7079
112	7084
112.1	7089
112.2	7094
112.3	7098
112.4	7103
112.5	7108
112.6	7113
112.7	7118
112.8	7123
112.9	7127
113	7132
113.1	7137
113.2	7142
113.3	7146
113.4	7151
113.5	7156
113.6	7161
113.7	7165
113.8	7170
113.9	7175
114	7180
114.1	7184
114.2	7189
114.3	7193
114.4	7198
114.5	7203
114.6	7208
114.7	7213
114.8	7217
114.9	7222
115	7229
115.1	7234
115.2	7239
115.3	7243
115.4	7248
115.5	7253
115.6	7258
115.7	7263
115.8	7268
115.9	7272
116	7278
116.1	7282
116.2	7287
116.3	7292
116.4	7297
116.5	7302
116.6	7307
116.7	7312
116.8	7316
116.9	7321
117	7326
117.1	7331
117.2	7336
117.3	7341
117.4	7346
117.5	7351
117.6	7356
117.7	7361
117.8	7366
117.9	7371
118	7376
118.1	7380
118.2	7385
118.3	7390
118.4	7395
118.5	7399
118.6	7404
118.7	7409
118.8	7414
118.9	7419
119	7424
119.1	7429
119.2	7434
119.3	7439
119.4	7444
119.5	7448
119.6	7453
119.7	7458
119.8	7463
119.9	7468
120	7475
120.1	7480
120.2	7485
120.3	7490
120.4	7495
120.5	7500
120.6	7505
120.7	7509
120.8	7514
120.9	7519
121	7523
121.1	7528
121.2	7533
121.3	7537
121.4	7542
121.5	7547
121.6	7552
121.7	7557
121.8	7562
121.9	7567
122	7571
122.1	7576
122.2	7581
122.3	7586
122.4	7591
122.5	7596
122.6	7601
122.7	7605
122.8	7610
122.9	7615
123	7619
123.1	7624
123.2	7629
123.3	7634
123.4	7638
123.5	7643
123.6	7648
123.7	7653
123.8	7657
123.9	7662
124	7667
124.1	7672
124.2	7677
124.3	7681
124.4	7686
124.5	7691
124.6	7696
124.7	7700
124.8	7705
124.9	7710
125	7717
125.1	7722
125.2	7727
125.3	7732
125.4	7737
125.5	7741
125.6	7746
125.7	7751
125.8	7756
125.9	7761
126	7765
126.1	7770
126.2	7775
126.3	7780
126.4	7784
126.5	7789
126.6	7794
126.7	7798
126.8	7803
126.9	7808
127	7813
127.1	7818
127.2	7822
127.3	7827
127.4	7832
127.5	7837
127.6	7841
127.7	7846
127.8	7851
127.9	7856
128	7861
128.1	7865
128.2	7870
128.3	7875
128.4	7879
128.5	7884
128.6	7889
128.7	7894
128.8	7898
128.9	7903
129	7908
129.1	7913
129.2	7917
129.3	7922
129.4	7927
129.5	7932
129.6	7936
129.7	7941
129.8	7946
129.9	7950
130	7957
130.1	7962
130.2	7967
130.3	7972
130.4	7976
130.5	7981
130.6	7986
130.7	7991
130.8	7996
130.9	8001
131	8006
131.1	8010
131.2	8015
131.3	8020
131.4	8025
131.5	8030
131.6	8034
131.7	8039
131.8	8044
131.9	8048
132	8053
132.1	8057
132.2	8062
132.3	8067
132.4	8072
132.5	8076
132.6	8081
132.7	8086
132.8	8091
132.9	8095
133	8100
133.1	8105
133.2	8109
133.3	8113
133.4	8118
133.5	8122
133.6	8127
133.7	8131
133.8	8136
133.9	8140
134	8145
134.1	8150
134.2	8154
134.3	8159
134.4	8163
134.5	8168
134.6	8172
134.7	8177
134.8	8182
134.9	8186
135	8193
135.1	8198
135.2	8203
135.3	8207
135.4	8212
135.5	8216
135.6	8221
135.7	8225
135.8	8230
135.9	8235
136	8239
136.1	8244
136.2	8248
136.3	8253
136.4	8257
136.5	8262
136.6	8267
136.7	8271
136.8	8275
136.9	8280
137	8285
137.1	8290
137.2	8294
137.3	8299
137.4	8303
137.5	8308
137.6	8313
137.7	8318
137.8	8323
137.9	8327
138	8332
138.1	8337
138.2	8341
138.3	8346
138.4	8350
138.5	8355
138.6	8360
138.7	8364
138.8	8369
138.9	8373
139	8378
139.1	8383
139.2	8387
139.3	8392
139.4	8396
139.5	8401
139.6	8405
139.7	8410
139.8	8414
139.9	8419
140	8425
140.1	8430
140.2	8434
140.3	8439
140.4	8443
140.5	8447
140.6	8452
140.7	8456
140.8	8461
140.9	8466
141	8471
141.1	8475
141.2	8480
141.3	8484
141.4	8489
141.5	8493
141.6	8498
141.7	8502
141.8	8507
141.9	8512
142	8516
142.1	8521
142.2	8525
142.3	8530
142.4	8534
142.5	8539
142.6	8544
142.7	8548
142.8	8553
142.9	8558
143	8562
143.1	8567
143.2	8571
143.3	8576
143.4	8580
143.5	8585
143.6	8589
143.7	8594
143.8	8598
143.9	8603
144	8607
144.1	8612
144.2	8616
144.3	8621
144.4	8626
144.5	8630
144.6	8635
144.7	8639
144.8	8644
144.9	8649
145	8655
145.1	8660
145.2	8665
145.3	8669
145.4	8673
145.5	8678
145.6	8682
145.7	8687
145.8	8691
145.9	8696
146	8700
146.1	8705
146.2	8709
146.3	8714
146.4	8718
146.5	8723
146.6	8728
146.7	8732
146.8	8737
146.9	8742
147	8746
147.1	8751
147.2	8755
147.3	8759
147.4	8764
147.5	8769
147.6	8774
147.7	8779
147.8	8785
147.9	8790
148	8796
148.1	8802
148.2	8807
148.3	8812
148.4	8817
148.5	8822
148.6	8827
148.7	8832
148.8	8836
148.9	8841
149	8846
149.1	8851
149.2	8856
149.3	8861
149.4	8866
149.5	8870
149.6	8875
149.7	8880
149.8	8885
149.9	8890
150	8897
150.1	8902
150.2	8906
150.3	8911
150.4	8916
150.5	8920
150.6	8925
150.7	8930
150.8	8935
150.9	8940
151	8945
151.1	8949
151.2	8954
151.3	8959
151.4	8964
151.5	8969
151.6	8974
151.7	8979
151.8	8984
151.9	8989
152	8993
152.1	8998
152.2	9003
152.3	9008
152.4	9013
152.5	9018
152.6	9022
152.7	9027
152.8	9032
152.9	9037
153	9042
153.1	9047
153.2	9052
153.3	9057
153.4	9062
153.5	9068
153.6	9073
153.7	9079
153.8	9085
153.9	9090
154	9096
154.1	9102
154.2	9107
154.3	9113
154.4	9119
154.5	9124
154.6	9129
154.7	9134
154.8	9139
154.9	9145
155	9153
155.1	9158
155.2	9164
155.3	9169
155.4	9175
155.5	9182
155.6	9188
155.7	9193
155.8	9198
155.9	9204
156	9210
156.1	9216
156.2	9223
156.3	9229
156.4	9235
156.5	9242
156.6	9248
156.7	9254
156.8	9260
156.9	9267
157	9273
157.1	9279
157.2	9285
157.3	9292
157.4	9298
157.5	9305
157.6	9311
157.7	9317
157.8	9324
157.9	9330
158	9336
158.1	9343
158.2	9349
158.3	9356
158.4	9362
158.5	9368
158.6	9375
158.7	9381
158.8	9387
158.9	9393
159	9399
159.1	9405
159.2	9412
159.3	9418
159.4	9424
159.5	9431
159.6	9437
159.7	9443
159.8	9450
159.9	9456
160	9465
160.1	9472
160.2	9478
160.3	9484
160.4	9491
160.5	9497
160.6	9503
160.7	9510
160.8	9516
160.9	9523
161	9529
161.1	9536
161.2	9542
161.3	9548
161.4	9555
161.5	9561
161.6	9567
161.7	9574
161.8	9580
161.9	9587
162	9593
162.1	9599
162.2	9606
162.3	9612
162.4	9618
162.5	9624
162.6	9631
162.7	9637
162.8	9643
162.9	9650
163	9656
163.1	9663
163.2	9669
163.3	9675
163.4	9682
163.5	9688
163.6	9694
163.7	9700
163.8	9707
163.9	9713
164	9719
164.1	9725
164.2	9732
164.3	9738
164.4	9744
164.5	9751
164.6	9757
164.7	9763
164.8	9770
164.9	9776
165	9785
165.1	9792
165.2	9798
165.3	9805
165.4	9811
165.5	9817
165.6	9824
165.7	9830
165.8	9836
165.9	9843
166	9849
166.1	9855
166.2	9862
166.3	9868
166.4	9874
166.5	9881
166.6	9887
166.7	9893
166.8	9899
166.9	9906
167	9912
167.1	9919
167.2	9925
167.3	9932
167.4	9939
167.5	9945
167.6	9951
167.7	9958
167.8	9964
167.9	9970
168	9977
168.1	9983
168.2	9989
168.3	9996
168.4	10002
168.5	10008
168.6	10015
168.7	10021
168.8	10027
168.9	10034
169	10040
169.1	10046
169.2	10053
169.3	10059
169.4	10066
169.5	10072
169.6	10078
169.7	10085
169.8	10091
169.9	10098
170	10107
170.1	10113
170.2	10120
170.3	10126
170.4	10132
170.5	10139
170.6	10145
170.7	10151
170.8	10159
170.9	10167
171	10173
171.1	10179
171.2	10186
171.3	10192
171.4	10198
171.5	10204
171.6	10211
171.7	10217
171.8	10224
171.9	10230
172	10236
172.1	10242
172.2	10249
172.3	10255
172.4	10261
172.5	10268
172.6	10274
172.7	10280
172.8	10287
172.9	10293
173	10299
173.1	10306
173.2	10312
173.3	10318
173.4	10324
173.5	10331
173.6	10337
173.7	10343
173.8	10350
173.9	10355
174	10362
174.1	10368
174.2	10374
174.3	10381
174.4	10387
174.5	10393
174.6	10400
174.7	10406
174.8	10413
174.9	10419
175	10428
175.1	10434
175.2	10440
175.3	10447
175.4	10453
175.5	10459
175.6	10466
175.7	10472
175.8	10479
175.9	10485
176	10491
176.1	10498
176.2	10504
176.3	10510
176.4	10516
176.5	10523
176.6	10529
176.7	10536
176.8	10542
176.9	10549
177	10555
177.1	10561
177.2	10568
177.3	10574
177.4	10580
177.5	10587
177.6	10593
177.7	10599
177.8	10606
177.9	10612
178	10619
178.1	10625
178.2	10631
178.3	10638
178.4	10644
178.5	10651
178.6	10657
178.7	10663
178.8	10670
178.9	10676
179	10682
179.1	10688
179.2	10695
179.3	10701
179.4	10708
179.5	10714
179.6	10721
179.7	10727
179.8	10733
179.9	10740
180	10748
180.1	10755
180.2	10762
180.3	10768
180.4	10775
180.5	10781
180.6	10787
180.7	10794
180.8	10800
180.9	10806
181	10813
181.1	10819
181.2	10826
181.3	10832
181.4	10838
181.5	10844
181.6	10850
181.7	10857
181.8	10863
181.9	10870
182	10876
182.1	10883
182.2	10889
182.3	10895
182.4	10902
182.5	10908
182.6	10915
182.7	10921
182.8	10927
182.9	10933
183	10940
183.1	10946
183.2	10953
183.3	10959
183.4	10966
183.5	10972
183.6	10979
183.7	10985
183.8	10991
183.9	10997
184	11004
184.1	11010
184.2	11016
184.3	11022
184.4	11029
184.5	11035
184.6	11041
184.7	11048
184.8	11054
184.9	11060
185	11069
185.1	11075
185.2	11082
185.3	11088
185.4	11094
185.5	11101
185.6	11107
185.7	11113
185.8	11120
185.9	11126
186	11132
186.1	11139
186.2	11145
186.3	11152
186.4	11158
186.5	11164
186.6	11170
186.7	11177
186.8	11183
186.9	11189
187	11196
187.1	11203
187.2	11209
187.3	11216
187.4	11222
187.5	11228
187.6	11235
187.7	11241
187.8	11248
187.9	11254
188	11260
188.1	11267
188.2	11273
188.3	11279
188.4	11286
188.5	11292
188.6	11298
188.7	11305
188.8	11311
188.9	11317
189	11323
189.1	11330
189.2	11336
189.3	11342
189.4	11349
189.5	11355
189.6	11361
189.7	11367
189.8	11374
189.9	11380
190	11389
190.1	11395
190.2	11402
190.3	11408
190.4	11415
190.5	11421
190.6	11428
190.7	11434
190.8	11440
190.9	11446
191	11453
191.1	11459
191.2	11465
191.3	11471
191.4	11478
191.5	11484
191.6	11490
191.7	11496
191.8	11503
191.9	11509
192	11516
192.1	11522
192.2	11529
192.3	11535
192.4	11541
192.5	11547
192.6	11554
192.7	11560
192.8	11566
192.9	11573
193	11579
193.1	11586
193.2	11592
193.3	11598
193.4	11605
193.5	11611
193.6	11618
193.7	11624
193.8	11631
193.9	11637
194	11644
194.1	11650
194.2	11657
194.3	11663
194.4	11669
194.5	11676
194.6	11682
194.7	11689
194.8	11695
194.9	11702
195	11711
195.1	11717
195.2	11724
195.3	11730
195.4	11736
195.5	11743
195.6	11749
195.7	11756
195.8	11762
195.9	11768
196	11775
196.1	11781
196.2	11788
196.3	11794
196.4	11801
196.5	11807
196.6	11813
196.7	11820
196.8	11826
196.9	11833
197	11839
197.1	11846
197.2	11853
197.3	11859
197.4	11866
197.5	11872
197.6	11878
197.7	11885
197.8	11892
197.9	11898
198	11904
198.1	11911
198.2	11918
198.3	11924
198.4	11930
198.5	11936
198.6	11943
198.7	11949
198.8	11956
198.9	11962
199	11969
199.1	11975
199.2	11981
199.3	11988
199.4	11994
199.5	12001
199.6	12007
199.7	12014
199.8	12021
199.9	12027
200	12036
200.1	12042
200.2	12049
200.3	12055
200.4	12061
200.5	12068
200.6	12074
200.7	12081
200.8	12087
200.9	12094
201	12100
201.1	12106
201.2	12113
201.3	12119
201.4	12125
201.5	12132
201.6	12138
201.7	12144
201.8	12150
201.9	12157
202	12163
202.1	12170
202.2	12176
202.3	12182
202.4	12189
202.5	12195
202.6	12201
202.7	12208
202.8	12214
202.9	12220
203	12227
203.1	12233
203.2	12240
203.3	12246
203.4	12253
203.5	12259
203.6	12265
203.7	12272
203.8	12278
203.9	12285
204	12291
204.1	12297
204.2	12304
204.3	12310
204.4	12316
204.5	12323
204.6	12329
204.7	12335
204.8	12342
204.9	12348
205	12357
205.1	12364
205.2	12370
205.3	12376
205.4	12383
205.5	12389
205.6	12396
205.7	12402
205.8	12409
205.9	12416
206	12422
206.1	12429
206.2	12435
206.3	12442
206.4	12449
206.5	12455
206.6	12461
206.7	12468
206.8	12474
206.9	12480
207	12487
207.1	12493
207.2	12500
207.3	12507
207.4	12513
207.5	12520
207.6	12526
207.7	12532
207.8	12539
207.9	12545
208	12552
208.1	12558
208.2	12565
208.3	12571
208.4	12577
208.5	12584
208.6	12590
208.7	12597
208.8	12603
208.9	12610
209	12616
209.1	12622
209.2	12629
209.3	12635
209.4	12641
209.5	12647
209.6	12654
209.7	12660
209.8	12667
209.9	12673
210	12682
210.1	12688
210.2	12695
210.3	12701
210.4	12707
210.5	12714
210.6	12720
210.7	12726
210.8	12733
210.9	12739
211	12745
211.1	12752
211.2	12758
211.3	12764
211.4	12771
211.5	12777
211.6	12784
211.7	12790
211.8	12796
211.9	12803
212	12809
212.1	12816
212.2	12821
212.3	12828
212.4	12834
212.5	12841
212.6	12847
212.7	12853
212.8	12860
212.9	12866
213	12872
213.1	12879
213.2	12885
213.3	12892
213.4	12898
213.5	12904
213.6	12911
213.7	12917
213.8	12924
213.9	12930
214	12937
214.1	12943
214.2	12949
214.3	12956
214.4	12962
214.5	12969
214.6	12976
214.7	12982
214.8	12988
214.9	12994
215	13003
215.1	13010
215.2	13016
215.3	13022
215.4	13029
215.5	13035
215.6	13042
215.7	13048
215.8	13054
215.9	13061
216	13067
216.1	13073
216.2	13080
216.3	13086
216.4	13093
216.5	13099
216.6	13106
216.7	13112
216.8	13119
216.9	13125
217	13131
217.1	13138
217.2	13144
217.3	13151
217.4	13156
217.5	13163
217.6	13169
217.7	13176
217.8	13182
217.9	13189
218	13195
218.1	13202
218.2	13208
218.3	13214
218.4	13221
218.5	13227
218.6	13234
218.7	13240
218.8	13247
218.9	13253
219	13260
219.1	13266
219.2	13273
219.3	13279
219.4	13285
219.5	13292
219.6	13298
219.7	13305
219.8	13311
219.9	13318
220	13327
220.1	13333
220.2	13339
220.3	13346
220.4	13352
220.5	13359
220.6	13365
220.7	13372
220.8	13378
220.9	13385
221	13391
221.1	13398
221.2	13404
221.3	13411
221.4	13417
221.5	13424
221.6	13430
221.7	13437
221.8	13443
221.9	13450
222	13456
222.1	13463
222.2	13469
222.3	13476
222.4	13482
222.5	13489
222.6	13496
222.7	13501
222.8	13508
222.9	13514
223	13521
223.1	13527
223.2	13534
223.3	13540
223.4	13547
223.5	13553
223.6	13560
223.7	13566
223.8	13573
223.9	13579
224	13585
224.1	13592
224.2	13598
224.3	13605
224.4	13611
224.5	13618
224.6	13624
224.7	13631
224.8	13637
224.9	13644
225	13652
225.1	13659
225.2	13665
225.3	13672
225.4	13678
225.5	13684
225.6	13691
225.7	13697
225.8	13704
225.9	13710
226	13717
226.1	13723
226.2	13729
226.3	13736
226.4	13742
226.5	13749
226.6	13755
226.7	13762
226.8	13768
226.9	13774
227	13781
227.1	13787
227.2	13794
227.3	13800
227.4	13807
227.5	13813
227.6	13819
227.7	13826
227.8	13832
227.9	13839
228	13845
228.1	13851
228.2	13858
228.3	13864
228.4	13870
228.5	13877
228.6	13883
228.7	13890
228.8	13896
228.9	13902
229	13909
229.1	13915
229.2	13921
229.3	13928
229.4	13934
229.5	13941
229.6	13947
229.7	13953
229.8	13960
229.9	13966
230	13975
230.1	13981
230.2	13988
230.3	13994
230.4	14000
230.5	14007
230.6	14013
230.7	14020
230.8	14026
230.9	14032
231	14038
231.1	14045
231.2	14051
231.3	14057
231.4	14064
231.5	14070
231.6	14077
231.7	14083
231.8	14089
231.9	14096
232	14102
232.1	14109
232.2	14115
232.3	14121
232.4	14128
232.5	14134
232.6	14140
232.7	14146
232.8	14153
232.9	14159
233	14166
233.1	14172
233.2	14178
233.3	14185
233.4	14191
233.5	14197
233.6	14204
233.7	14210
233.8	14216
233.9	14223
234	14229
234.1	14236
234.2	14242
234.3	14249
234.4	14255
234.5	14262
234.6	14268
234.7	14274
234.8	14281
234.9	14287
235	14296
235.1	14302
235.2	14309
235.3	14315
235.4	14322
235.5	14328
235.6	14334
235.7	14340
235.8	14347
235.9	14353
236	14360
236.1	14366
236.2	14372
236.3	14378
236.4	14385
236.5	14391
236.6	14398
236.7	14404
236.8	14411
236.9	14417
237	14424
237.1	14430
237.2	14436
237.3	14443
237.4	14449
237.5	14456
237.6	14462
237.7	14468
237.8	14475
237.9	14481
238	14488
238.1	14494
238.2	14501
238.3	14507
238.4	14514
238.5	14520
238.6	14527
238.7	14533
238.8	14540
238.9	14546
239	14553
239.1	14559
239.2	14566
239.3	14573
239.4	14579
239.5	14586
239.6	14592
239.7	14599
239.8	14606
239.9	14612
240	14621
240.1	14628
240.2	14634
240.3	14641
240.4	14647
240.5	14653
240.6	14660
240.7	14667
240.8	14673
240.9	14679
241	14686
241.1	14693
241.2	14699
241.3	14706
241.4	14712
241.5	14718
241.6	14725
241.7	14731
241.8	14738
241.9	14744
242	14751
242.1	14757
242.2	14763
242.3	14770
242.4	14776
242.5	14783
242.6	14789
242.7	14795
242.8	14802
242.9	14808
243	14815
243.1	14821
243.2	14828
243.3	14834
243.4	14841
243.5	14847
243.6	14853
243.7	14860
243.8	14866
243.9	14873
244	14879
244.1	14886
244.2	14892
244.3	14898
244.4	14905
244.5	14911
244.6	14917
244.7	14924
244.8	14930
244.9	14937
245	14945
245.1	14952
245.2	14958
245.3	14965
245.4	14971
245.5	14977
245.6	14984
245.7	14990
245.8	14997
245.9	15003
246	15010
246.1	15016
246.2	15023
246.3	15029
246.4	15036
246.5	15042
246.6	15048
246.7	15055
246.8	15061
246.9	15068
247	15074
247.1	15080
247.2	15086
247.3	15093
247.4	15099
247.5	15105
247.6	15111
247.7	15118
247.8	15124
247.9	15130
248	15137
248.1	15143
248.2	15149
248.3	15155
248.4	15162
248.5	15169
248.6	15175
248.7	15181
248.8	15188
248.9	15195
249	15201
249.1	15208
249.2	15214
249.3	15221
249.4	15227
249.5	15233
249.6	15240
249.7	15246
249.8	15252
249.9	15259
250	15268
250.1	15274
250.2	15280
250.3	15287
250.4	15293
250.5	15300
250.6	15306
250.7	15313
250.8	15319
250.9	15326
251	15332
251.1	15339
251.2	15345
251.3	15351
251.4	15358
251.5	15364
251.6	15373
251.7	15383
251.8	15393
251.9	15403
252	15412
252.1	15421
252.2	15429
252.3	15438
252.4	15446
252.5	15455
252.6	15463
252.7	15471
252.8	15480
252.9	15488
253	15496
253.1	15503
253.2	15511
253.3	15518
253.4	15526
253.5	15533
253.6	15541
253.7	15548
253.8	15555
253.9	15562
254	15570
254.1	15577
254.2	15584
254.3	15592
254.4	15599
254.5	15607
254.6	15614
254.7	15622
254.8	15629
254.9	15637
255	15647
255.1	15655
255.2	15662
255.3	15670
255.4	15677
255.5	15684
255.6	15692
255.7	15700
255.8	15708
255.9	15715
256	15722
256.1	15729
256.2	15735
256.3	15741
256.4	15747
256.5	15754
256.6	15760
256.7	15766
256.8	15772
256.9	15778
257	15784
257.1	15790
257.2	15796
257.3	15803
257.4	15809
257.5	15815
257.6	15821
257.7	15829
257.8	15836
257.9	15843
258	15850
258.1	15856
258.2	15862
258.3	15870
258.4	15877
258.5	15884
258.6	15890
258.7	15897
258.8	15903
258.9	15910
259	15916
259.1	15922
259.2	15929
259.3	15935
259.4	15942
259.5	15948
259.6	15954
259.7	15960
259.8	15967
259.9	15973
260	15982
260.1	15988
260.2	15994
260.3	16001
260.4	16007
260.5	16013
260.6	16020
260.7	16026
260.8	16032
260.9	16039
261	16045
261.1	16051
261.2	16058
261.3	16064
261.4	16070
261.5	16077
261.6	16083
261.7	16089
261.8	16095
261.9	16102
262	16108
262.1	16114
262.2	16121
262.3	16127
262.4	16133
262.5	16139
262.6	16145
262.7	16152
262.8	16158
262.9	16164
263	16170
263.1	16177
263.2	16183
263.3	16189
263.4	16196
263.5	16202
263.6	16208
263.7	16214
263.8	16220
263.9	16226
264	16233
264.1	16239
264.2	16245
264.3	16251
264.4	16257
264.5	16264
264.6	16270
264.7	16276
264.8	16282
264.9	16289
265	16297
265.1	16304
265.2	16310
265.3	16316
265.4	16322
265.5	16328
265.6	16334
265.7	16341
265.8	16347
265.9	16353
266	16359
266.1	16366
266.2	16372
266.3	16378
266.4	16384
266.5	16390
266.6	16396
266.7	16403
266.8	16409
266.9	16415
267	16421
267.1	16427
267.2	16434
267.3	16440
267.4	16446
267.5	16452
267.6	16458
267.7	16465
267.8	16471
267.9	16477
268	16483
268.1	16490
268.2	16496
268.3	16502
268.4	16509
268.5	16515
268.6	16522
268.7	16528
268.8	16534
268.9	16540
269	16547
269.1	16553
269.2	16559
269.3	16565
269.4	16571
269.5	16577
269.6	16584
269.7	16590
269.8	16596
269.9	16602
270	16611
270.1	16617
270.2	16623
270.3	16630
270.4	16636
270.5	16642
270.6	16649
270.7	16655
270.8	16661
270.9	16668
271	16674
271.1	16680
271.2	16687
271.3	16693
271.4	16700
271.5	16706
271.6	16712
271.7	16719
271.8	16725
271.9	16731
272	16737
272.1	16744
272.2	16750
272.3	16756
272.4	16762
272.5	16769
272.6	16775
272.7	16781
272.8	16788
272.9	16794
273	16801
273.1	16807
273.2	16813
273.3	16820
273.4	16826
273.5	16832
273.6	16839
273.7	16845
273.8	16852
273.9	16858
274	16864
274.1	16871
274.2	16877
274.3	16884
274.4	16890
274.5	16896
274.6	16903
274.7	16909
274.8	16915
274.9	16921
275	16930
275.1	16937
275.2	16943
275.3	16950
275.4	16956
275.5	16962
275.6	16969
275.7	16975
275.8	16981
275.9	16987
276	16994
276.1	17000
276.2	17007
276.3	17013
276.4	17019
276.5	17026
276.6	17032
276.7	17039
276.8	17045
276.9	17051
277	17058
277.1	17064
277.2	17070
277.3	17077
277.4	17083
277.5	17089
277.6	17096
277.7	17102
277.8	17108
277.9	17114
278	17120
278.1	17127
278.2	17133
278.3	17139
278.4	17146
278.5	17152
278.6	17158
278.7	17164
278.8	17171
278.9	17177
279	17183
279.1	17190
279.2	17196
279.3	17203
279.4	17209
279.5	17215
279.6	17222
279.7	17228
279.8	17234
279.9	17241
280	17249
280.1	17256
280.2	17262
280.3	17269
280.4	17275
280.5	17281
280.6	17288
280.7	17293
280.8	17300
280.9	17306
281	17313
281.1	17319
281.2	17325
281.3	17332
281.4	17338
281.5	17344
281.6	17351
281.7	17357
281.8	17363
281.9	17370
282	17376
282.1	17382
282.2	17389
282.3	17395
282.4	17402
282.5	17408
282.6	17414
282.7	17420
282.8	17427
282.9	17433
283	17439
283.1	17446
283.2	17452
283.3	17458
283.4	17465
283.5	17471
283.6	17477
283.7	17483
283.8	17490
283.9	17496
284	17502
284.1	17509
284.2	17515
284.3	17522
284.4	17528
284.5	17534
284.6	17541
284.7	17547
284.8	17553
284.9	17559
285	17568
285.1	17574
285.2	17581
285.3	17587
285.4	17593
285.5	17600
285.6	17606
285.7	17612
285.8	17619
285.9	17625
286	17631
286.1	17638
286.2	17644
286.3	17650
286.4	17656
286.5	17662
286.6	17669
286.7	17675
286.8	17682
286.9	17688
287	17695
287.1	17701
287.2	17707
287.3	17714
287.4	17720
287.5	17727
287.6	17733
287.7	17739
287.8	17746
287.9	17752
288	17759
288.1	17765
288.2	17771
288.3	17778
288.4	17784
288.5	17790
288.6	17797
288.7	17803
288.8	17809
288.9	17816
289	17822
289.1	17828
289.2	17835
289.3	17841
289.4	17847
289.5	17853
289.6	17860
289.7	17866
289.8	17872
289.9	17879
290	17888
290.1	17894
290.2	17900
290.3	17907
290.4	17913
290.5	17919
290.6	17926
290.7	17932
290.8	17938
290.9	17945
291	17951
291.1	17958
291.2	17964
291.3	17970
291.4	17977
291.5	17983
291.6	17989
291.7	17996
291.8	18002
291.9	18009
292	18015
292.1	18021
292.2	18027
292.3	18034
292.4	18040
292.5	18046
292.6	18053
292.7	18059
292.8	18065
292.9	18072
293	18078
293.1	18085
293.2	18091
293.3	18097
293.4	18104
293.5	18110
293.6	18116
293.7	18123
293.8	18129
293.9	18136
294	18142
294.1	18148
294.2	18155
294.3	18161
294.4	18168
294.5	18174
294.6	18181
294.7	18187
294.8	18193
294.9	18199
295	18208
295.1	18214
295.2	18221
295.3	18227
295.4	18234
295.5	18240
295.6	18246
295.7	18253
295.8	18259
295.9	18266
296	18272
296.1	18278
296.2	18285
296.3	18291
296.4	18297
296.5	18304
296.6	18310
296.7	18317
296.8	18323
296.9	18329
297	18336
297.1	18342
297.2	18348
297.3	18355
297.4	18361
297.5	18367
297.6	18374
297.7	18380
297.8	18386
297.9	18392
298	18399
298.1	18405
298.2	18411
298.3	18418
298.4	18424
298.5	18431
298.6	18437
298.7	18444
298.8	18450
298.9	18456
299	18463
299.1	18469
299.2	18476
299.3	18482
299.4	18488
299.5	18494
299.6	18501
299.7	18507
299.8	18514
299.9	18520
300	18529
300.1	18535
300.2	18542
300.3	18548
300.4	18554
300.5	18561
300.6	18566
300.7	18573
300.8	18579
300.9	18585
301	18592
301.1	18598
301.2	18605
301.3	18611
301.4	18617
301.5	18624
301.6	18630
301.7	18636
301.8	18643
301.9	18649
302	18655
302.1	18662
302.2	18668
302.3	18674
302.4	18681
302.5	18687
302.6	18693
302.7	18699
302.8	18706
302.9	18712
303	18719
303.1	18725
303.2	18731
303.3	18738
303.4	18744
303.5	18750
303.6	18756
303.7	18763
303.8	18769
303.9	18775
304	18782
304.1	18788
304.2	18795
304.3	18801
304.4	18807
304.5	18814
304.6	18820
304.7	18826
304.8	18833
304.9	18839
305	18848
305.1	18854
305.2	18860
305.3	18867
305.4	18873
305.5	18879
305.6	18886
305.7	18892
305.8	18898
305.9	18904
306	18910
306.1	18917
306.2	18923
306.3	18929
306.4	18936
306.5	18941
306.6	18948
306.7	18954
306.8	18961
306.9	18967
307	18973
307.1	18980
307.2	18986
307.3	18992
307.4	18999
307.5	19005
307.6	19011
307.7	19018
307.8	19024
307.9	19030
308	19037
308.1	19043
308.2	19050
308.3	19056
308.4	19062
308.5	19069
308.6	19075
308.7	19081
308.8	19088
308.9	19094
309	19100
309.1	19106
309.2	19113
309.3	19119
309.4	19125
309.5	19131
309.6	19138
309.7	19144
309.8	19150
309.9	19157
310	19165
310.1	19172
310.2	19178
310.3	19184
310.4	19191
310.5	19197
310.6	19204
310.7	19210
310.8	19217
310.9	19223
311	19229
311.1	19236
311.2	19242
311.3	19249
311.4	19255
311.5	19262
311.6	19268
311.7	19275
311.8	19281
311.9	19288
312	19294
312.1	19300
312.2	19307
312.3	19313
312.4	19319
312.5	19325
312.6	19332
312.7	19338
312.8	19345
312.9	19351
313	19357
313.1	19364
313.2	19370
313.3	19376
313.4	19383
313.5	19390
313.6	19396
313.7	19402
313.8	19409
313.9	19415
314	19422
314.1	19428
314.2	19434
314.3	19441
314.4	19447
314.5	19453
314.6	19460
314.7	19466
314.8	19472
314.9	19479
315	19487
315.1	19494
315.2	19500
315.3	19506
315.4	19512
315.5	19519
315.6	19525
315.7	19532
315.8	19538
315.9	19545
316	19551
316.1	19558
316.2	19564
316.3	19570
316.4	19577
316.5	19583
316.6	19589
316.7	19596
316.8	19602
316.9	19609
317	19615
317.1	19622
317.2	19628
317.3	19634
317.4	19641
317.5	19647
317.6	19653
317.7	19660
317.8	19666
317.9	19672
318	19678
318.1	19684
318.2	19691
318.3	19697
318.4	19704
318.5	19710
318.6	19716
318.7	19723
318.8	19729
318.9	19735
319	19742
319.1	19748
319.2	19754
319.3	19761
319.4	19767
319.5	19773
319.6	19780
319.7	19786
319.8	19793
319.9	19799
320	19808
320.1	19814
320.2	19820
320.3	19827
320.4	19833
320.5	19839
320.6	19846
320.7	19852
320.8	19859
320.9	19865
321	19871
321.1	19877
321.2	19884
321.3	19890
321.4	19896
321.5	19903
321.6	19909
321.7	19916
321.8	19922
321.9	19928
322	19935
322.1	19941
322.2	19947
322.3	19954
322.4	19960
322.5	19966
322.6	19973
322.7	19979
322.8	19985
322.9	19992
323	19998
323.1	20005
323.2	20011
323.3	20017
323.4	20024
323.5	20030
323.6	20036
323.7	20043
323.8	20049
323.9	20055
324	20062
324.1	20068
324.2	20074
324.3	20081
324.4	20087
324.5	20094
324.6	20100
324.7	20107
324.8	20113
324.9	20119
325	20128
325.1	20134
325.2	20141
325.3	20147
325.4	20154
325.5	20160
325.6	20166
325.7	20173
325.8	20179
325.9	20186
326	20192
326.1	20198
326.2	20205
326.3	20211
326.4	20217
326.5	20224
326.6	20230
326.7	20236
326.8	20242
326.9	20249
327	20255
327.1	20262
327.2	20268
327.3	20274
327.4	20281
327.5	20287
327.6	20293
327.7	20300
327.8	20306
327.9	20313
328	20319
328.1	20326
328.2	20332
328.3	20338
328.4	20345
328.5	20351
328.6	20357
328.7	20364
328.8	20370
328.9	20377
329	20383
329.1	20389
329.2	20396
329.3	20402
329.4	20409
329.5	20415
329.6	20421
329.7	20428
329.8	20433
329.9	20440
330	20449
330.1	20455
330.2	20461
330.3	20468
330.4	20474
330.5	20480
330.6	20487
330.7	20493
330.8	20499
330.9	20506
331	20512
331.1	20518
331.2	20525
331.3	20531
331.4	20537
331.5	20544
331.6	20550
331.7	20556
331.8	20562
331.9	20569
332	20575
332.1	20581
332.2	20588
332.3	20594
332.4	20600
332.5	20607
332.6	20613
332.7	20619
332.8	20625
332.9	20632
333	20638
333.1	20644
333.2	20651
333.3	20657
333.4	20663
333.5	20670
333.6	20676
333.7	20683
333.8	20689
333.9	20695
334	20702
334.1	20708
334.2	20714
334.3	20720
334.4	20727
334.5	20733
334.6	20740
334.7	20746
334.8	20753
334.9	20759
335	20768
335.1	20774
335.2	20780
335.3	20787
335.4	20793
335.5	20799
335.6	20805
335.7	20812
335.8	20818
335.9	20824
336	20831
336.1	20837
336.2	20843
336.3	20849
336.4	20856
336.5	20862
336.6	20868
336.7	20875
336.8	20881
336.9	20888
337	20894
337.1	20900
337.2	20907
337.3	20913
337.4	20919
337.5	20926
337.6	20932
337.7	20938
337.8	20944
337.9	20951
338	20957
338.1	20963
338.2	20969
338.3	20976
338.4	20982
338.5	20988
338.6	20994
338.7	21000
338.8	21007
338.9	21013
339	21019
339.1	21026
339.2	21032
339.3	21039
339.4	21045
339.5	21051
339.6	21058
339.7	21064
339.8	21070
339.9	21077
340	21085
340.1	21092
340.2	21098
340.3	21104
340.4	21110
340.5	21117
340.6	21123
340.7	21129
340.8	21136
340.9	21142
341	21148
341.1	21155
341.2	21161
341.3	21167
341.4	21174
341.5	21180
341.6	21186
341.7	21192
341.8	21199
341.9	21205
342	21212
342.1	21219
342.2	21226
342.3	21232
342.4	21238
342.5	21245
342.6	21251
342.7	21257
342.8	21264
342.9	21271
343	21277
343.1	21283
343.2	21290
343.3	21296
343.4	21303
343.5	21309
343.6	21315
343.7	21322
343.8	21328
343.9	21334
344	21340
344.1	21347
344.2	21353
344.3	21360
344.4	21366
344.5	21372
344.6	21378
344.7	21384
344.8	21391
344.9	21397
345	21406
345.1	21412
345.2	21419
345.3	21425
345.4	21431
345.5	21437
345.6	21444
345.7	21450
345.8	21456
345.9	21463
346	21469
346.1	21475
346.2	21481
346.3	21488
346.4	21494
346.5	21500
346.6	21507
346.7	21513
346.8	21519
346.9	21525
347	21532
347.1	21538
347.2	21544
347.3	21551
347.4	21557
347.5	21563
347.6	21569
347.7	21575
347.8	21582
347.9	21588
348	21594
348.1	21600
348.2	21607
348.3	21613
348.4	21619
348.5	21626
348.6	21632
348.7	21638
348.8	21645
348.9	21651
349	21657
349.1	21664
349.2	21670
349.3	21677
349.4	21683
349.5	21689
349.6	21696
349.7	21702
349.8	21708
349.9	21715
350	21723
350.1	21730
350.2	21736
350.3	21742
350.4	21748
350.5	21754
350.6	21761
350.7	21767
350.8	21773
350.9	21780
351	21786
351.1	21792
351.2	21798
351.3	21805
351.4	21811
351.5	21817
351.6	21824
351.7	21830
351.8	21836
351.9	21843
352	21849
352.1	21855
352.2	21861
352.3	21868
352.4	21874
352.5	21881
352.6	21887
352.7	21893
352.8	21900
352.9	21906
353	21912
353.1	21919
353.2	21925
353.3	21931
353.4	21937
353.5	21943
353.6	21949
353.7	21956
353.8	21962
353.9	21968
354	21975
354.1	21981
354.2	21988
354.3	21994
354.4	22000
354.5	22007
354.6	22013
354.7	22019
354.8	22026
354.9	22032
355	22041
355.1	22047
355.2	22054
355.3	22060
355.4	22066
355.5	22073
355.6	22079
355.7	22085
355.8	22092
355.9	22098
356	22104
356.1	22111
356.2	22117
356.3	22122
356.4	22129
356.5	22135
356.6	22141
356.7	22147
356.8	22154
356.9	22160
357	22166
357.1	22173
357.2	22179
357.3	22185
357.4	22191
357.5	22198
357.6	22204
357.7	22210
357.8	22216
357.9	22223
358	22229
358.1	22235
358.2	22241
358.3	22248
358.4	22254
358.5	22261
358.6	22267
358.7	22273
358.8	22279
358.9	22286
359	22292
359.1	22298
359.2	22305
359.3	22310
359.4	22317
359.5	22323
359.6	22329
359.7	22336
359.8	22342
359.9	22348
360	22357
360.1	22363
360.2	22369
360.3	22376
360.4	22382
360.5	22388
360.6	22395
360.7	22401
360.8	22407
360.9	22414
361	22420
361.1	22427
361.2	22433
361.3	22439
361.4	22445
361.5	22452
361.6	22458
361.7	22464
361.8	22470
361.9	22477
362	22483
362.1	22490
362.2	22496
362.3	22502
362.4	22508
362.5	22515
362.6	22521
362.7	22527
362.8	22534
362.9	22540
363	22546
363.1	22552
363.2	22559
363.3	22565
363.4	22571
363.5	22578
363.6	22584
363.7	22590
363.8	22597
363.9	22603
364	22609
364.1	22615
364.2	22622
364.3	22628
364.4	22634
364.5	22640
364.6	22647
364.7	22653
364.8	22661
364.9	22667
365	22676
365.1	22682
365.2	22688
365.3	22694
365.4	22700
365.5	22707
365.6	22713
365.7	22720
365.8	22726
365.9	22732
366	22739
366.1	22745
366.2	22751
366.3	22758
366.4	22764
366.5	22770
366.6	22776
366.7	22783
366.8	22789
366.9	22795
367	22802
367.1	22808
367.2	22815
367.3	22821
367.4	22827
367.5	22834
367.6	22840
367.7	22846
367.8	22853
367.9	22859
368	22865
368.1	22871
368.2	22877
368.3	22884
368.4	22890
368.5	22896
368.6	22903
368.7	22909
368.8	22915
368.9	22922
369	22928
369.1	22934
369.2	22941
369.3	22947
369.4	22953
369.5	22960
369.6	22966
369.7	22972
369.8	22979
369.9	22985
370	22994
370.1	23000
370.2	23006
370.3	23013
370.4	23019
370.5	23025
370.6	23032
370.7	23038
370.8	23044
370.9	23051
371	23057
371.1	23063
371.2	23069
371.3	23075
371.4	23081
371.5	23088
371.6	23094
371.7	23100
371.8	23107
371.9	23113
372	23119
372.1	23126
372.2	23132
372.3	23138
372.4	23144
372.5	23151
372.6	23157
372.7	23163
372.8	23170
372.9	23176
373	23182
373.1	23189
373.2	23195
373.3	23202
373.4	23208
373.5	23214
373.6	23221
373.7	23227
373.8	23233
373.9	23240
374	23246
374.1	23252
374.2	23258
374.3	23264
374.4	23271
374.5	23277
374.6	23283
374.7	23290
374.8	23296
374.9	23303
375	23311
375.1	23317
375.2	23324
375.3	23330
375.4	23337
375.5	23343
375.6	23349
375.7	23355
375.8	23362
375.9	23368
376	23375
376.1	23381
376.2	23387
376.3	23394
376.4	23400
376.5	23407
376.6	23413
376.7	23419
376.8	23425
376.9	23432
377	23437
377.1	23444
377.2	23450
377.3	23456
377.4	23463
377.5	23469
377.6	23475
377.7	23482
377.8	23488
377.9	23494
378	23500
378.1	23507
378.2	23513
378.3	23519
378.4	23525
378.5	23531
378.6	23538
378.7	23544
378.8	23550
378.9	23556
379	23563
379.1	23569
379.2	23575
379.3	23582
379.4	23588
379.5	23594
379.6	23601
379.7	23607
379.8	23613
379.9	23620
380	23628
380.1	23634
380.2	23640
380.3	23646
380.4	23652
380.5	23659
380.6	23665
380.7	23671
380.8	23678
380.9	23684
381	23690
381.1	23696
381.2	23702
381.3	23708
381.4	23714
381.5	23720
381.6	23726
381.7	23731
381.8	23737
381.9	23743
382	23748
382.1	23754
382.2	23760
382.3	23766
382.4	23772
382.5	23778
382.6	23784
382.7	23791
382.8	23797
382.9	23803
383	23810
383.1	23816
383.2	23822
383.3	23829
383.4	23835
383.5	23841
383.6	23848
383.7	23854
383.8	23860
383.9	23867
384	23873
384.1	23880
384.2	23886
384.3	23893
384.4	23899
384.5	23906
384.6	23912
384.7	23919
384.8	23926
384.9	23932
385	23941
385.1	23947
385.2	23954
385.3	23960
385.4	23966
385.5	23972
385.6	23978
385.7	23984
385.8	23990
385.9	23997
386	24003
386.1	24009
386.2	24016
386.3	24022
386.4	24029
386.5	24035
386.6	24042
386.7	24048
386.8	24055
386.9	24061
387	24068
387.1	24075
387.2	24081
387.3	24087
387.4	24094
387.5	24100
387.6	24107
387.7	24113
387.8	24120
387.9	24126
388	24133
388.1	24139
388.2	24145
388.3	24152
388.4	24158
388.5	24164
388.6	24170
388.7	24176
388.8	24183
388.9	24189
389	24196
389.1	24202
389.2	24208
389.3	24215
389.4	24222
389.5	24228
389.6	24234
389.7	24241
389.8	24247
389.9	24254
390	24262
390.1	24268
390.2	24274
390.3	24280
390.4	24285
390.5	24290
390.6	24295
390.7	24299
390.8	24304
390.9	24309
391	24314
391.1	24318
391.2	24324
391.3	24328
391.4	24333
391.5	24337
391.6	24342
391.7	24346
391.8	24351
391.9	24355
392	24360
392.1	24364
392.2	24369
392.3	24373
392.4	24378
392.5	24382
392.6	24386
392.7	24391
392.8	24396
392.9	24400
393	24405
393.1	24409
393.2	24414
393.3	24418
393.4	24423
393.5	24428
393.6	24432
393.7	24437
393.8	24442
393.9	24447
394	24451
394.1	24456
394.2	24461
394.3	24466
394.4	24470
394.5	24476
394.6	24480
394.7	24485
394.8	24490
394.9	24495
395	24501
395.1	24506
395.2	24510
395.3	24515
395.4	24520
395.5	24524
395.6	24529
395.7	24533
395.8	24538
395.9	24542
396	24547
396.1	24552
396.2	24557
396.3	24561
396.4	24565
396.5	24570
396.6	24575
396.7	24579
396.8	24584
396.9	24588
397	24593
397.1	24597
397.2	24602
397.3	24607
397.4	24611
397.5	24616
397.6	24620
397.7	24625
397.8	24629
397.9	24634
398	24638
398.1	24643
398.2	24647
398.3	24652
398.4	24656
398.5	24661
398.6	24666
398.7	24670
398.8	24675
398.9	24679
399	24684
399.1	24689
399.2	24693
399.3	24698
399.4	24702
399.5	24707
399.6	24711
399.7	24716
399.8	24720
399.9	24725
400	24733
400.1	24738
400.2	24744
400.3	24750
400.4	24755
400.5	24761
400.6	24766
400.7	24772
400.8	24777
400.9	24783
401	24788
401.1	24794
401.2	24800
401.3	24805
401.4	24810
401.5	24815
401.6	24819
401.7	24824
401.8	24829
401.9	24833
402	24838
402.1	24842
402.2	24847
402.3	24852
402.4	24856
402.5	24861
402.6	24865
402.7	24870
402.8	24875
402.9	24880
403	24884
403.1	24889
403.2	24893
403.3	24898
403.4	24903
403.5	24907
403.6	24912
403.7	24916
403.8	24921
403.9	24926
404	24930
404.1	24935
404.2	24940
404.3	24944
404.4	24949
404.5	24953
404.6	24958
404.7	24962
404.8	24967
404.9	24971
405	24978
405.1	24982
405.2	24987
405.3	24991
405.4	24996
405.5	25000
405.6	25004
405.7	25009
405.8	25013
405.9	25017
406	25022
406.1	25026
406.2	25031
406.3	25035
406.4	25040
406.5	25044
406.6	25048
406.7	25053
406.8	25057
406.9	25062
407	25066
407.1	25070
407.2	25075
407.3	25079
407.4	25084
407.5	25088
407.6	25092
407.7	25097
407.8	25101
407.9	25105
408	25110
408.1	25114
408.2	25118
408.3	25122
408.4	25127
408.5	25131
408.6	25135
408.7	25139
408.8	25144
408.9	25148
409	25152
409.1	25156
409.2	25160
409.3	25165
409.4	25169
409.5	25173
409.6	25178
409.7	25182
409.8	25186
409.9	25190
410	25197
410.1	25201
410.2	25205
410.3	25210
410.4	25214
410.5	25218
410.6	25223
410.7	25227
410.8	25231
410.9	25235
411	25240
411.1	25244
411.2	25248
411.3	25253
411.4	25257
411.5	25261
411.6	25265
411.7	25269
411.8	25274
411.9	25278
412	25283
412.1	25287
412.2	25291
412.3	25295
412.4	25299
412.5	25303
412.6	25307
412.7	25311
412.8	25316
412.9	25320
413	25324
413.1	25329
413.2	25333
413.3	25337
413.4	25342
413.5	25346
413.6	25350
413.7	25355
413.8	25359
413.9	25364
414	25368
414.1	25372
414.2	25377
414.3	25381
414.4	25385
414.5	25390
414.6	25394
414.7	25399
414.8	25403
414.9	25408
415	25414
415.1	25418
415.2	25423
415.3	25427
415.4	25432
415.5	25436
415.6	25440
415.7	25445
415.8	25449
415.9	25454
416	25458
416.1	25462
416.2	25467
416.3	25471
416.4	25475
416.5	25480
416.6	25484
416.7	25489
416.8	25493
416.9	25497
417	25502
417.1	25506
417.2	25510
417.3	25515
417.4	25519
417.5	25524
417.6	25528
417.7	25533
417.8	25537
417.9	25542
418	25546
418.1	25551
418.2	25555
418.3	25559
418.4	25564
418.5	25568
418.6	25573
418.7	25577
418.8	25582
418.9	25586
419	25591
419.1	25595
419.2	25599
419.3	25604
419.4	25608
419.5	25613
419.6	25617
419.7	25622
419.8	25626
419.9	25630
420	25637
420.1	25641
420.2	25646
420.3	25650
420.4	25655
420.5	25659
420.6	25664
420.7	25668
420.8	25672
420.9	25677
421	25681
421.1	25686
421.2	25690
421.3	25695
421.4	25699
421.5	25703
421.6	25708
421.7	25712
421.8	25717
421.9	25721
422	25725
422.1	25730
422.2	25734
422.3	25738
422.4	25743
422.5	25747
422.6	25751
422.7	25756
422.8	25760
422.9	25764
423	25769
423.1	25773
423.2	25778
423.3	25782
423.4	25786
423.5	25791
423.6	25795
423.7	25800
423.8	25804
423.9	25808
424	25813
424.1	25817
424.2	25821
424.3	25826
424.4	25830
424.5	25835
424.6	25839
424.7	25843
424.8	25848
424.9	25852
425	25859
425.1	25863
425.2	25868
425.3	25872
425.4	25876
425.5	25881
425.6	25885
425.7	25889
425.8	25893
425.9	25898
426	25902
426.1	25906
426.2	25910
426.3	25914
426.4	25919
426.5	25923
426.6	25927
426.7	25931
426.8	25935
426.9	25939
427	25943
427.1	25947
427.2	25952
427.3	25956
427.4	25960
427.5	25964
427.6	25968
427.7	25972
427.8	25976
427.9	25981
428	25985
428.1	25989
428.2	25993
428.3	25997
428.4	26002
428.5	26006
428.6	26010
428.7	26014
428.8	26018
428.9	26022
429	26026
429.1	26030
429.2	26034
429.3	26038
429.4	26042
429.5	26046
429.6	26051
429.7	26054
429.8	26059
429.9	26063
430	26069
430.1	26073
430.2	26077
430.3	26082
430.4	26085
430.5	26090
430.6	26094
430.7	26098
430.8	26102
430.9	26106
431	26110
431.1	26114
431.2	26118
431.3	26122
431.4	26127
431.5	26131
431.6	26135
431.7	26139
431.8	26143
431.9	26147
432	26151
432.1	26156
432.2	26160
432.3	26164
432.4	26169
432.5	26173
432.6	26177
432.7	26182
432.8	26186
432.9	26190
433	26194
433.1	26199
433.2	26203
433.3	26207
433.4	26212
433.5	26216
433.6	26220
433.7	26224
433.8	26229
433.9	26233
434	26237
434.1	26242
434.2	26246
434.3	26250
434.4	26255
434.5	26259
434.6	26263
434.7	26268
434.8	26272
434.9	26276
435	26283
435.1	26287
435.2	26291
435.3	26296
435.4	26300
435.5	26304
435.6	26308
435.7	26312
435.8	26316
435.9	26320
436	26324
436.1	26328
436.2	26332
436.3	26336
436.4	26340
436.5	26344
436.6	26348
436.7	26352
436.8	26357
436.9	26360
437	26365
437.1	26369
437.2	26373
437.3	26377
437.4	26381
437.5	26385
437.6	26389
437.7	26393
437.8	26397
437.9	26401
438	26405
438.1	26409
438.2	26414
438.3	26417
438.4	26422
438.5	26426
438.6	26430
438.7	26434
438.8	26437
438.9	26442
439	26446
439.1	26450
439.2	26454
439.3	26458
439.4	26463
439.5	26467
439.6	26471
439.7	26475
439.8	26479
439.9	26483
440	26489
440.1	26493
440.2	26497
440.3	26502
440.4	26505
440.5	26510
440.6	26514
440.7	26518
440.8	26522
440.9	26526
441	26530
441.1	26535
441.2	26539
441.3	26543
441.4	26547
441.5	26551
441.6	26554
441.7	26559
441.8	26563
441.9	26567
442	26571
442.1	26575
442.2	26579
442.3	26583
442.4	26587
442.5	26591
442.6	26595
442.7	26599
442.8	26603
442.9	26607
443	26611
443.1	26615
443.2	26619
443.3	26623
443.4	26628
443.5	26632
443.6	26636
443.7	26640
443.8	26644
443.9	26648
444	26652
444.1	26656
444.2	26661
444.3	26664
444.4	26669
444.5	26673
444.6	26677
444.7	26681
444.8	26685
444.9	26689
445	26695
445.1	26700
445.2	26703
445.3	26708
445.4	26712
445.5	26716
445.6	26720
445.7	26724
445.8	26728
445.9	26732
446	26736
446.1	26740
446.2	26745
446.3	26749
446.4	26753
446.5	26757
446.6	26761
446.7	26765
446.8	26769
446.9	26774
447	26777
447.1	26782
447.2	26786
447.3	26790
447.4	26794
447.5	26798
447.6	26802
447.7	26806
447.8	26810
447.9	26814
448	26818
448.1	26822
448.2	26826
448.3	26831
448.4	26835
448.5	26839
448.6	26843
448.7	26847
448.8	26851
448.9	26855
449	26859
449.1	26863
449.2	26868
449.3	26872
449.4	26876
449.5	26880
449.6	26884
449.7	26889
449.8	26893
449.9	26897
450	26904
450.1	26908
450.2	26912
450.3	26916
450.4	26921
450.5	26925
450.6	26929
450.7	26933
450.8	26938
450.9	26942
451	26946
451.1	26950
451.2	26955
451.3	26959
451.4	26963
451.5	26967
451.6	26972
451.7	26976
451.8	26980
451.9	26984
452	26989
452.1	26993
452.2	26997
452.3	27001
452.4	27005
452.5	27010
452.6	27014
452.7	27018
452.8	27023
452.9	27027
453	27032
453.1	27036
453.2	27040
453.3	27044
453.4	27049
453.5	27053
453.6	27057
453.7	27061
453.8	27066
453.9	27070
454	27074
454.1	27078
454.2	27082
454.3	27087
454.4	27091
454.5	27095
454.6	27100
454.7	27104
454.8	27108
454.9	27113
455	27119
455.1	27123
455.2	27128
455.3	27132
455.4	27136
455.5	27140
455.6	27145
455.7	27149
455.8	27153
455.9	27157
456	27161
456.1	27165
456.2	27170
456.3	27174
456.4	27177
456.5	27182
456.6	27186
456.7	27190
456.8	27194
456.9	27198
457	27202
457.1	27206
457.2	27210
457.3	27214
457.4	27218
457.5	27223
457.6	27227
457.7	27231
457.8	27235
457.9	27239
458	27243
458.1	27248
458.2	27252
458.3	27256
458.4	27260
458.5	27264
458.6	27268
458.7	27273
458.8	27276
458.9	27280
459	27284
459.1	27288
459.2	27292
459.3	27297
459.4	27301
459.5	27305
459.6	27309
459.7	27313
459.8	27317
459.9	27321
460	27328
460.1	27331
460.2	27336
460.3	27340
460.4	27344
460.5	27348
460.6	27352
460.7	27356
460.8	27360
460.9	27365
461	27369
461.1	27373
461.2	27377
461.3	27381
461.4	27385
461.5	27389
461.6	27394
461.7	27398
461.8	27402
461.9	27406
462	27410
462.1	27414
462.2	27418
462.3	27422
462.4	27426
462.5	27430
462.6	27434
462.7	27438
462.8	27443
462.9	27447
463	27451
463.1	27455
463.2	27459
463.3	27463
463.4	27467
463.5	27471
463.6	27475
463.7	27479
463.8	27483
463.9	27487
464	27491
464.1	27496
464.2	27500
464.3	27504
464.4	27508
464.5	27512
464.6	27516
464.7	27520
464.8	27524
464.9	27529
465	27535
465.1	27539
465.2	27543
465.3	27547
465.4	27551
465.5	27555
465.6	27559
465.7	27564
465.8	27568
465.9	27572
466	27576
466.1	27580
466.2	27584
466.3	27588
466.4	27592
466.5	27596
466.6	27601
466.7	27604
466.8	27609
466.9	27613
467	27617
467.1	27621
467.2	27625
467.3	27629
467.4	27633
467.5	27637
467.6	27641
467.7	27646
467.8	27650
467.9	27654
468	27658
468.1	27662
468.2	27666
468.3	27670
468.4	27674
468.5	27678
468.6	27682
468.7	27687
468.8	27691
468.9	27695
469	27699
469.1	27703
469.2	27707
469.3	27711
469.4	27715
469.5	27719
469.6	27724
469.7	27728
469.8	27732
469.9	27736
470	27742
470.1	27746
470.2	27750
470.3	27754
470.4	27758
470.5	27763
470.6	27767
470.7	27771
470.8	27775
470.9	27779
471	27783
471.1	27787
471.2	27791
471.3	27796
471.4	27800
471.5	27804
471.6	27808
471.7	27812
471.8	27816
471.9	27820
472	27824
472.1	27828
472.2	27832
472.3	27836
472.4	27841
472.5	27845
472.6	27849
472.7	27853
472.8	27857
472.9	27861
473	27865
473.1	27869
473.2	27873
473.3	27877
473.4	27881
473.5	27885
473.6	27890
473.7	27894
473.8	27898
473.9	27902
474	27906
474.1	27910
474.2	27913
474.3	27917
474.4	27922
474.5	27926
474.6	27930
474.7	27934
474.8	27938
474.9	27942
475	27948
475.1	27953
475.2	27957
475.3	27961
475.4	27965
475.5	27969
475.6	27973
475.7	27977
475.8	27981
475.9	27986
476	27990
476.1	27994
476.2	27998
476.3	28002
476.4	28006
476.5	28010
476.6	28015
476.7	28019
476.8	28023
476.9	28027
477	28031
477.1	28035
477.2	28039
477.3	28043
477.4	28048
477.5	28051
477.6	28056
477.7	28060
477.8	28064
477.9	28068
478	28072
478.1	28076
478.2	28080
478.3	28085
478.4	28088
478.5	28093
478.6	28097
478.7	28101
478.8	28105
478.9	28109
479	28113
479.1	28117
479.2	28121
479.3	28125
479.4	28129
479.5	28133
479.6	28137
479.7	28141
479.8	28145
479.9	28149
480	28156
480.1	28159
480.2	28164
480.3	28168
480.4	28172
480.5	28176
480.6	28180
480.7	28184
480.8	28188
480.9	28193
481	28196
481.1	28200
481.2	28205
481.3	28208
481.4	28213
481.5	28216
481.6	28221
481.7	28224
481.8	28229
481.9	28232
482	28237
482.1	28241
482.2	28245
482.3	28249
482.4	28253
482.5	28257
482.6	28261
482.7	28265
482.8	28269
482.9	28273
483	28277
483.1	28281
483.2	28285
483.3	28290
483.4	28294
483.5	28298
483.6	28302
483.7	28306
483.8	28310
483.9	28314
484	28318
484.1	28323
484.2	28327
484.3	28331
484.4	28335
484.5	28339
484.6	28343
484.7	28347
484.8	28351
484.9	28355
485	28361
485.1	28365
485.2	28370
485.3	28374
485.4	28378
485.5	28382
485.6	28386
485.7	28390
485.8	28394
485.9	28398
486	28402
486.1	28407
486.2	28411
486.3	28414
486.4	28418
486.5	28422
486.6	28427
486.7	28431
486.8	28435
486.9	28439
487	28443
487.1	28447
487.2	28451
487.3	28455
487.4	28459
487.5	28463
487.6	28467
487.7	28472
487.8	28476
487.9	28479
488	28484
488.1	28488
488.2	28492
488.3	28496
488.4	28500
488.5	28504
488.6	28508
488.7	28513
488.8	28517
488.9	28521
489	28525
489.1	28529
489.2	28533
489.3	28537
489.4	28542
489.5	28545
489.6	28550
489.7	28554
489.8	28558
489.9	28562
490	28569
490.1	28573
490.2	28577
490.3	28581
490.4	28585
490.5	28589
490.6	28593
490.7	28598
490.8	28602
490.9	28606
491	28610
491.1	28615
491.2	28619
491.3	28623
491.4	28627
491.5	28631
491.6	28635
491.7	28639
491.8	28643
491.9	28647
492	28651
492.1	28655
492.2	28659
492.3	28664
492.4	28668
492.5	28672
492.6	28676
492.7	28680
492.8	28684
492.9	28689
493	28693
493.1	28697
493.2	28701
493.3	28705
493.4	28709
493.5	28714
493.6	28718
493.7	28722
493.8	28726
493.9	28730
494	28734
494.1	28738
494.2	28742
494.3	28746
494.4	28750
494.5	28754
494.6	28759
494.7	28763
494.8	28767
494.9	28771
495	28777
495.1	28781
495.2	28785
495.3	28789
495.4	28794
495.5	28798
495.6	28802
495.7	28806
495.8	28810
495.9	28814
496	28819
496.1	28823
496.2	28827
496.3	28831
496.4	28835
496.5	28839
496.6	28843
496.7	28847
496.8	28851
496.9	28855
497	28860
497.1	28864
497.2	28868
497.3	28872
497.4	28876
497.5	28880
497.6	28884
497.7	28888
497.8	28893
497.9	28897
498	28901
498.1	28905
498.2	28910
498.3	28914
498.4	28918
498.5	28922
498.6	28927
498.7	28931
498.8	28935
498.9	28939
499	28943
499.1	28947
499.2	28952
499.3	28955
499.4	28960
499.5	28963
499.6	28968
499.7	28972
499.8	28976
499.9	28980
500	28986
500.1	28990
500.2	28995
500.3	28999
500.4	29003
500.5	29007
500.6	29011
500.7	29016
500.8	29019
500.9	29024
501	29028
501.1	29032
501.2	29036
501.3	29040
501.4	29045
501.5	29049
501.6	29053
501.7	29057
501.8	29061
501.9	29065
502	29070
502.1	29074
502.2	29078
502.3	29082
502.4	29086
502.5	29090
502.6	29094
502.7	29098
502.8	29103
502.9	29107
503	29111
503.1	29115
503.2	29119
503.3	29123
503.4	29127
503.5	29131
503.6	29136
503.7	29140
503.8	29144
503.9	29148
504	29152
504.1	29156
504.2	29161
504.3	29165
504.4	29169
504.5	29173
504.6	29177
504.7	29181
504.8	29185
504.9	29190
505	29196
505.1	29200
505.2	29204
505.3	29208
505.4	29212
505.5	29217
505.6	29221
505.7	29225
505.8	29229
505.9	29233
506	29237
506.1	29241
506.2	29246
506.3	29250
506.4	29254
506.5	29258
506.6	29262
506.7	29266
506.8	29271
506.9	29275
507	29279
507.1	29283
507.2	29287
507.3	29291
507.4	29296
507.5	29300
507.6	29304
507.7	29308
507.8	29312
507.9	29317
508	29321
508.1	29325
508.2	29329
508.3	29333
508.4	29337
508.5	29341
508.6	29346
508.7	29350
508.8	29354
508.9	29358
509	29362
509.1	29366
509.2	29371
509.3	29375
509.4	29379
509.5	29383
509.6	29387
509.7	29391
509.8	29395
509.9	29400
510	29406
510.1	29410
510.2	29414
510.3	29418
510.4	29422
510.5	29427
510.6	29430
510.7	29435
510.8	29439
510.9	29443
511	29447
511.1	29451
511.2	29455
511.3	29460
511.4	29464
511.5	29468
511.6	29472
511.7	29476
511.8	29481
511.9	29485
512	29489
512.1	29493
512.2	29497
512.3	29501
512.4	29505
512.5	29509
512.6	29514
512.7	29518
512.8	29522
512.9	29526
513	29530
513.1	29534
513.2	29539
513.3	29542
513.4	29547
513.5	29551
513.6	29555
513.7	29559
513.8	29564
513.9	29568
514	29572
514.1	29576
514.2	29580
514.3	29585
514.4	29589
514.5	29593
514.6	29597
514.7	29601
514.8	29605
514.9	29609
515	29616
515.1	29620
515.2	29624
515.3	29628
515.4	29632
515.5	29637
515.6	29641
515.7	29645
515.8	29649
515.9	29653
516	29657
516.1	29662
516.2	29666
516.3	29670
516.4	29674
516.5	29678
516.6	29682
516.7	29687
516.8	29691
516.9	29695
517	29699
517.1	29703
517.2	29707
517.3	29711
517.4	29716
517.5	29719
517.6	29724
517.7	29728
517.8	29732
517.9	29736
518	29740
518.1	29744
518.2	29749
518.3	29753
518.4	29757
518.5	29761
518.6	29765
518.7	29769
518.8	29773
518.9	29778
519	29782
519.1	29786
519.2	29790
519.3	29794
519.4	29798
519.5	29803
519.6	29807
519.7	29811
519.8	29815
519.9	29819
520	29825
520.1	29830
520.2	29834
520.3	29838
520.4	29842
520.5	29846
520.6	29851
520.7	29854
520.8	29859
520.9	29863
521	29867
521.1	29871
521.2	29875
521.3	29880
521.4	29884
521.5	29888
521.6	29892
521.7	29896
521.8	29900
521.9	29905
522	29909
522.1	29913
522.2	29917
522.3	29921
522.4	29925
522.5	29930
522.6	29934
522.7	29938
522.8	29942
522.9	29946
523	29950
523.1	29954
523.2	29959
523.3	29963
523.4	29967
523.5	29971
523.6	29975
523.7	29979
523.8	29983
523.9	29987
524	29991
524.1	29996
524.2	30000
524.3	30004
524.4	30008
524.5	30012
524.6	30016
524.7	30020
524.8	30024
524.9	30028
525	30035
525.1	30039
525.2	30043
525.3	30047
525.4	30052
525.5	30056
525.6	30060
525.7	30064
525.8	30068
525.9	30072
526	30076
526.1	30081
526.2	30084
526.3	30089
526.4	30093
526.5	30097
526.6	30102
526.7	30106
526.8	30110
526.9	30115
527	30119
527.1	30123
527.2	30127
527.3	30132
527.4	30136
527.5	30140
527.6	30145
527.7	30149
527.8	30153
527.9	30157
528	30162
528.1	30166
528.2	30171
528.3	30175
528.4	30179
528.5	30184
528.6	30188
528.7	30192
528.8	30196
528.9	30201
529	30205
529.1	30210
529.2	30214
529.3	30218
529.4	30222
529.5	30226
529.6	30231
529.7	30235
529.8	30239
529.9	30244
530	30250
530.1	30255
530.2	30259
530.3	30263
530.4	30268
530.5	30272
530.6	30277
530.7	30281
530.8	30285
530.9	30290
531	30294
531.1	30298
531.2	30303
531.3	30307
531.4	30311
531.5	30316
531.6	30320
531.7	30324
531.8	30329
531.9	30333
532	30338
532.1	30342
532.2	30346
532.3	30351
532.4	30355
532.5	30359
532.6	30363
532.7	30367
532.8	30371
532.9	30375
533	30379
533.1	30384
533.2	30388
533.3	30392
533.4	30396
533.5	30400
533.6	30404
533.7	30408
533.8	30413
533.9	30417
534	30421
534.1	30425
534.2	30429
534.3	30433
534.4	30437
534.5	30442
534.6	30446
534.7	30450
534.8	30454
534.9	30458
535	30464
535.1	30469
535.2	30473
535.3	30477
535.4	30481
535.5	30485
535.6	30489
535.7	30493
535.8	30498
535.9	30502
536	30506
536.1	30510
536.2	30514
536.3	30518
536.4	30523
536.5	30527
536.6	30531
536.7	30535
536.8	30539
536.9	30544
537	30548
537.1	30552
537.2	30556
537.3	30560
537.4	30564
537.5	30569
537.6	30573
537.7	30577
537.8	30581
537.9	30585
538	30590
538.1	30594
538.2	30598
538.3	30602
538.4	30606
538.5	30610
538.6	30614
538.7	30618
538.8	30622
538.9	30626
539	30631
539.1	30635
539.2	30639
539.3	30643
539.4	30647
539.5	30651
539.6	30655
539.7	30659
539.8	30663
539.9	30667
540	30674
540.1	30678
540.2	30682
540.3	30686
540.4	30691
540.5	30695
540.6	30699
540.7	30703
540.8	30707
540.9	30711
541	30715
541.1	30719
541.2	30723
541.3	30728
541.4	30732
541.5	30736
541.6	30740
541.7	30744
541.8	30748
541.9	30753
542	30757
542.1	30761
542.2	30765
542.3	30769
542.4	30773
542.5	30778
542.6	30781
542.7	30785
542.8	30790
542.9	30794
543	30798
543.1	30802
543.2	30806
543.3	30811
543.4	30815
543.5	30819
543.6	30823
543.7	30827
543.8	30832
543.9	30835
544	30840
544.1	30844
544.2	30848
544.3	30852
544.4	30856
544.5	30861
544.6	30865
544.7	30869
544.8	30873
544.9	30877
545	30884
545.1	30888
545.2	30892
545.3	30896
545.4	30900
545.5	30904
545.6	30908
545.7	30912
545.8	30916
545.9	30921
546	30924
546.1	30929
546.2	30933
546.3	30937
546.4	30941
546.5	30945
546.6	30949
546.7	30953
546.8	30957
546.9	30962
547	30966
547.1	30970
547.2	30974
547.3	30978
547.4	30982
547.5	30986
547.6	30990
547.7	30994
547.8	30998
547.9	31002
548	31006
548.1	31010
548.2	31014
548.3	31018
548.4	31022
548.5	31026
548.6	31031
548.7	31035
548.8	31039
548.9	31043
549	31047
549.1	31051
549.2	31055
549.3	31059
549.4	31063
549.5	31067
549.6	31071
549.7	31075
549.8	31080
549.9	31084
550	31090
550.1	31094
550.2	31098
550.3	31102
550.4	31106
550.5	31110
550.6	31114
550.7	31118
550.8	31122
550.9	31126
551	31130
551.1	31134
551.2	31138
551.3	31142
551.4	31146
551.5	31150
551.6	31154
551.7	31158
551.8	31161
551.9	31165
552	31169
552.1	31173
552.2	31177
552.3	31181
552.4	31185
552.5	31189
552.6	31193
552.7	31197
552.8	31201
552.9	31206
553	31209
553.1	31214
553.2	31217
553.3	31222
553.4	31225
553.5	31230
553.6	31233
553.7	31238
553.8	31242
553.9	31246
554	31250
554.1	31254
554.2	31259
554.3	31262
554.4	31267
554.5	31271
554.6	31275
554.7	31279
554.8	31283
554.9	31287
555	31293
555.1	31297
555.2	31301
555.3	31305
555.4	31309
555.5	31313
555.6	31318
555.7	31322
555.8	31326
555.9	31330
556	31334
556.1	31338
556.2	31342
556.3	31346
556.4	31350
556.5	31354
556.6	31359
556.7	31363
556.8	31367
556.9	31371
557	31375
557.1	31379
557.2	31383
557.3	31387
557.4	31392
557.5	31396
557.6	31400
557.7	31404
557.8	31408
557.9	31412
558	31416
558.1	31420
558.2	31424
558.3	31429
558.4	31433
558.5	31437
558.6	31440
558.7	31445
558.8	31449
558.9	31452
559	31456
559.1	31460
559.2	31464
559.3	31468
559.4	31472
559.5	31476
559.6	31480
559.7	31484
559.8	31489
559.9	31493
560	31499
560.1	31503
560.2	31507
560.3	31511
560.4	31515
560.5	31519
560.6	31523
560.7	31527
560.8	31531
560.9	31535
561	31539
561.1	31543
561.2	31547
561.3	31551
561.4	31555
561.5	31559
561.6	31563
561.7	31568
561.8	31572
561.9	31576
562	31579
562.1	31584
562.2	31588
562.3	31592
562.4	31596
562.5	31600
562.6	31604
562.7	31608
562.8	31613
562.9	31616
563	31621
563.1	31625
563.2	31629
563.3	31633
563.4	31637
563.5	31641
563.6	31645
563.7	31649
563.8	31654
563.9	31657
564	31662
564.1	31666
564.2	31670
564.3	31674
564.4	31678
564.5	31682
564.6	31686
564.7	31689
564.8	31693
564.9	31698
565	31704
565.1	31708
565.2	31712
565.3	31716
565.4	31720
565.5	31724
565.6	31728
565.7	31732
565.8	31736
565.9	31740
566	31744
566.1	31748
566.2	31752
566.3	31756
566.4	31760
566.5	31764
566.6	31768
566.7	31772
566.8	31776
566.9	31780
567	31784
567.1	31788
567.2	31792
567.3	31796
567.4	31800
567.5	31804
567.6	31808
567.7	31812
567.8	31816
567.9	31820
568	31824
568.1	31828
568.2	31832
568.3	31836
568.4	31840
568.5	31844
568.6	31848
568.7	31852
568.8	31856
568.9	31860
569	31864
569.1	31868
569.2	31872
569.3	31876
569.4	31881
569.5	31884
569.6	31889
569.7	31893
569.8	31897
569.9	31901
570	31907
570.1	31911
570.2	31915
570.3	31919
570.4	31923
570.5	31927
570.6	31931
570.7	31935
570.8	31940
570.9	31943
571	31947
571.1	31951
571.2	31955
571.3	31959
571.4	31964
571.5	31968
571.6	31972
571.7	31976
571.8	31980
571.9	31984
572	31988
572.1	31992
572.2	31996
572.3	32000
572.4	32004
572.5	32007
572.6	32011
572.7	32015
572.8	32019
572.9	32023
573	32027
573.1	32031
573.2	32035
573.3	32039
573.4	32043
573.5	32047
573.6	32051
573.7	32056
573.8	32060
573.9	32064
574	32068
574.1	32072
574.2	32076
574.3	32080
574.4	32084
574.5	32088
574.6	32092
574.7	32096
574.8	32100
574.9	32104
575	32110
575.1	32114
575.2	32118
575.3	32123
575.4	32126
575.5	32130
575.6	32134
575.7	32138
575.8	32142
575.9	32146
576	32151
576.1	32155
576.2	32159
576.3	32163
576.4	32167
576.5	32171
576.6	32175
576.7	32179
576.8	32183
576.9	32187
577	32190
577.1	32195
577.2	32199
577.3	32203
577.4	32207
577.5	32211
577.6	32214
577.7	32218
577.8	32222
577.9	32226
578	32230
578.1	32234
578.2	32238
578.3	32242
578.4	32246
578.5	32250
578.6	32255
578.7	32259
578.8	32263
578.9	32267
579	32271
579.1	32275
579.2	32279
579.3	32283
579.4	32287
579.5	32291
579.6	32295
579.7	32299
579.8	32303
579.9	32307
580	32313
580.1	32317
580.2	32321
580.3	32325
580.4	32329
580.5	32333
580.6	32337
580.7	32341
580.8	32345
580.9	32349
581	32353
581.1	32357
581.2	32361
581.3	32365
581.4	32369
581.5	32373
581.6	32377
581.7	32381
581.8	32385
581.9	32389
582	32393
582.1	32397
582.2	32401
582.3	32405
582.4	32409
582.5	32414
582.6	32418
582.7	32422
582.8	32426
582.9	32430
583	32434
583.1	32438
583.2	32442
583.3	32446
583.4	32450
583.5	32454
583.6	32458
583.7	32462
583.8	32466
583.9	32470
584	32474
584.1	32478
584.2	32482
584.3	32486
584.4	32489
584.5	32493
584.6	32498
584.7	32502
584.8	32506
584.9	32510
585	32517
585.1	32521
585.2	32525
585.3	32529
585.4	32534
585.5	32538
585.6	32542
585.7	32546
585.8	32551
585.9	32555
586	32559
586.1	32563
586.2	32568
586.3	32572
586.4	32576
586.5	32580
586.6	32584
586.7	32589
586.8	32593
586.9	32597
587	32601
587.1	32605
587.2	32609
587.3	32613
587.4	32618
587.5	32622
587.6	32626
587.7	32630
587.8	32634
587.9	32639
588	32643
588.1	32647
588.2	32651
588.3	32655
588.4	32659
588.5	32663
588.6	32667
588.7	32671
588.8	32676
588.9	32680
589	32684
589.1	32688
589.2	32692
589.3	32696
589.4	32701
589.5	32705
589.6	32709
589.7	32713
589.8	32717
589.9	32722
590	32728
590.1	32732
590.2	32736
590.3	32740
590.4	32745
590.5	32749
590.6	32753
590.7	32758
590.8	32762
590.9	32766
591	32770
591.1	32774
591.2	32778
591.3	32782
591.4	32786
591.5	32790
591.6	32794
591.7	32798
591.8	32802
591.9	32806
592	32810
592.1	32814
592.2	32818
592.3	32822
592.4	32826
592.5	32830
592.6	32834
592.7	32838
592.8	32842
592.9	32846
593	32850
593.1	32854
593.2	32858
593.3	32862
593.4	32866
593.5	32870
593.6	32874
593.7	32878
593.8	32882
593.9	32886
594	32889
594.1	32893
594.2	32897
594.3	32901
594.4	32905
594.5	32910
594.6	32914
594.7	32918
594.8	32922
594.9	32926
595	32932
595.1	32936
595.2	32940
595.3	32944
595.4	32948
595.5	32952
595.6	32956
595.7	32960
595.8	32964
595.9	32968
596	32972
596.1	32976
596.2	32980
596.3	32984
596.4	32988
596.5	32992
596.6	32996
596.7	33000
596.8	33004
596.9	33009
597	33013
597.1	33017
597.2	33021
597.3	33025
597.4	33029
597.5	33033
597.6	33037
597.7	33041
597.8	33045
597.9	33049
598	33053
598.1	33057
598.2	33061
598.3	33065
598.4	33069
598.5	33073
598.6	33076
598.7	33080
598.8	33084
598.9	33088
599	33092
599.1	33096
599.2	33100
599.3	33104
599.4	33108
599.5	33112
599.6	33116
599.7	33120
599.8	33124
599.9	33128
600	33134
600.1	33138
600.2	33142
600.3	33146
600.4	33150
600.5	33154
600.6	33158
600.7	33161
600.8	33165
600.9	33169
601	33173
601.1	33177
601.2	33181
601.3	33185
601.4	33189
601.5	33192
601.6	33196
601.7	33201
601.8	33205
601.9	33208
602	33212
602.1	33216
602.2	33220
602.3	33224
602.4	33228
602.5	33232
602.6	33236
602.7	33240
602.8	33244
602.9	33248
603	33252
603.1	33256
603.2	33260
603.3	33264
603.4	33268
603.5	33272
603.6	33275
603.7	33279
603.8	33283
603.9	33287
604	33291
604.1	33294
604.2	33298
604.3	33302
604.4	33305
604.5	33308
604.6	33313
604.7	33316
604.8	33320
604.9	33322
605	33327
605.1	33330
605.2	33333
605.3	33335
605.4	33338
605.5	33340
605.6	33343
605.7	33345
605.8	33348
605.9	33350
606	33353
606.1	33355
606.2	33358
606.3	33360
606.4	33363
606.5	33365
606.6	33368
606.7	33370
606.8	33372
606.9	33375
607	33377
607.1	33380
607.2	33382
607.3	33385
607.4	33387
607.5	33390
607.6	33392
607.7	33395
607.8	33397
607.9	33400
608	33402
608.1	33405
608.2	33407
608.3	33410
608.4	33412
608.5	33415
608.6	33417
608.7	33420
608.8	33422
608.9	33425
609	33427
609.1	33430
609.2	33432
609.3	33435
609.4	33437
609.5	33440
609.6	33442
609.7	33445
609.8	33447
609.9	33450
610	33454
610.1	33457
610.2	33459
610.3	33462
610.4	33464
610.5	33467
610.6	33469
610.7	33472
610.8	33474
610.9	33477
611	33479
611.1	33482
611.2	33484
611.3	33487
611.4	33489
611.5	33492
611.6	33494
611.7	33497
611.8	33499
611.9	33502
612	33504
612.1	33507
612.2	33509
612.3	33512
612.4	33514
612.5	33517
612.6	33519
612.7	33522
612.8	33524
612.9	33527
613	33529
613.1	33532
613.2	33534
613.3	33537
613.4	33539
613.5	33542
613.6	33544
613.7	33547
613.8	33549
613.9	33552
614	33554
614.1	33557
614.2	33559
614.3	33562
614.4	33564
614.5	33566
614.6	33569
614.7	33571
614.8	33574
614.9	33576
615	33581
615.1	33584
615.2	33586
615.3	33589
615.4	33591
615.5	33594
615.6	33596
615.7	33599
615.8	33601
615.9	33604
616	33606
616.1	33609
616.2	33611
616.3	33614
616.4	33616
616.5	33619
616.6	33621
616.7	33624
616.8	33626
616.9	33629
617	33631
617.1	33634
617.2	33636
617.3	33639
617.4	33641
617.5	33644
617.6	33646
617.7	33649
617.8	33651
617.9	33654
618	33656
618.1	33658
618.2	33661
618.3	33663
618.4	33666
618.5	33669
618.6	33671
618.7	33674
618.8	33676
618.9	33679
619	33681
619.1	33684
619.2	33686
619.3	33689
619.4	33691
619.5	33694
619.6	33696
619.7	33699
619.8	33701
619.9	33704
620	33708
620.1	33711
620.2	33713
620.3	33716
620.4	33718
620.5	33721
620.6	33723
620.7	33726
620.8	33728
620.9	33731
621	33733
621.1	33736
621.2	33738
621.3	33740
621.4	33743
621.5	33745
621.6	33748
621.7	33750
621.8	33753
621.9	33755
622	33758
622.1	33760
622.2	33763
622.3	33765
622.4	33768
622.5	33770
622.6	33773
622.7	33775
622.8	33778
622.9	33780
623	33782
623.1	33785
623.2	33788
623.3	33790
623.4	33793
623.5	33795
623.6	33798
623.7	33800
623.8	33802
623.9	33805
624	33807
624.1	33810
624.2	33812
624.3	33815
624.4	33817
624.5	33820
624.6	33822
624.7	33825
624.8	33827
624.9	33830
625	33835
625.1	33837
625.2	33840
625.3	33842
625.4	33845
625.5	33847
625.6	33850
625.7	33852
625.8	33855
625.9	33857
626	33860
626.1	33862
626.2	33865
626.3	33867
626.4	33870
626.5	33872
626.6	33875
626.7	33877
626.8	33880
626.9	33882
627	33885
627.1	33887
627.2	33890
627.3	33893
627.4	33895
627.5	33898
627.6	33900
627.7	33902
627.8	33905
627.9	33907
628	33910
628.1	33912
628.2	33915
628.3	33917
628.4	33920
628.5	33922
628.6	33925
628.7	33927
628.8	33930
628.9	33933
629	33935
629.1	33938
629.2	33940
629.3	33943
629.4	33945
629.5	33948
629.6	33950
629.7	33953
629.8	33955
629.9	33958
630	33962
630.1	33965
630.2	33967
630.3	33970
630.4	33972
630.5	33975
630.6	33977
630.7	33980
630.8	33982
630.9	33985
631	33987
631.1	33990
631.2	33992
631.3	33995
631.4	33998
631.5	34000
631.6	34003
631.7	34005
631.8	34008
631.9	34010
632	34013
632.1	34015
632.2	34018
632.3	34020
632.4	34023
632.5	34025
632.6	34028
632.7	34030
632.8	34033
632.9	34035
633	34038
633.1	34041
633.2	34043
633.3	34046
633.4	34048
633.5	34051
633.6	34053
633.7	34056
633.8	34058
633.9	34061
634	34064
634.1	34066
634.2	34069
634.3	34071
634.4	34074
634.5	34076
634.6	34079
634.7	34081
634.8	34084
634.9	34086
635	34091
635.1	34094
635.2	34096
635.3	34099
635.4	34101
635.5	34104
635.6	34106
635.7	34109
635.8	34111
635.9	34114
636	34116
636.1	34119
636.2	34122
636.3	34124
636.4	34127
636.5	34129
636.6	34132
636.7	34134
636.8	34137
636.9	34139
637	34142
637.1	34144
637.2	34147
637.3	34149
637.4	34152
637.5	34154
637.6	34157
637.7	34159
637.8	34162
637.9	34165
638	34167
638.1	34170
638.2	34172
638.3	34175
638.4	34177
638.5	34180
638.6	34182
638.7	34185
638.8	34187
638.9	34191
639	34195
639.1	34198
639.2	34202
639.3	34206
639.4	34210
639.5	34214
639.6	34218
639.7	34222
639.8	34226
639.9	34230
640	34236
640.1	34240
640.2	34244
640.3	34248
640.4	34252
640.5	34256
640.6	34260
640.7	34264
640.8	34268
640.9	34272
641	34276
641.1	34280
641.2	34284
641.3	34288
641.4	34292
641.5	34295
641.6	34299
641.7	34303
641.8	34307
641.9	34311
642	34315
642.1	34319
642.2	34323
642.3	34327
642.4	34331
642.5	34335
642.6	34339
642.7	34343
642.8	34347
642.9	34352
643	34356
643.1	34360
643.2	34363
643.3	34367
643.4	34372
643.5	34376
643.6	34379
643.7	34383
643.8	34387
643.9	34391
644	34395
644.1	34399
644.2	34403
644.3	34407
644.4	34411
644.5	34415
644.6	34419
644.7	34423
644.8	34426
644.9	34430
645	34436
645.1	34440
645.2	34444
645.3	34448
645.4	34452
645.5	34456
645.6	34460
645.7	34464
645.8	34468
645.9	34472
646	34476
646.1	34480
646.2	34485
646.3	34488
646.4	34492
646.5	34496
646.6	34500
646.7	34504
646.8	34508
646.9	34512
647	34516
647.1	34520
647.2	34525
647.3	34528
647.4	34533
647.5	34537
647.6	34540
647.7	34544
647.8	34548
647.9	34552
648	34556
648.1	34560
648.2	34564
648.3	34568
648.4	34572
648.5	34576
648.6	34580
648.7	34584
648.8	34588
648.9	34592
649	34596
649.1	34600
649.2	34604
649.3	34608
649.4	34612
649.5	34616
649.6	34620
649.7	34624
649.8	34628
649.9	34632
650	34638
650.1	34642
650.2	34645
650.3	34650
650.4	34654
650.5	34658
650.6	34662
650.7	34666
650.8	34670
650.9	34674
651	34678
651.1	34682
651.2	34686
651.3	34689
651.4	34693
651.5	34697
651.6	34701
651.7	34705
651.8	34709
651.9	34713
652	34717
652.1	34721
652.2	34725
652.3	34729
652.4	34733
652.5	34737
652.6	34741
652.7	34745
652.8	34749
652.9	34753
653	34757
653.1	34761
653.2	34765
653.3	34769
653.4	34773
653.5	34777
653.6	34781
653.7	34785
653.8	34789
653.9	34793
654	34797
654.1	34801
654.2	34805
654.3	34809
654.4	34813
654.5	34817
654.6	34821
654.7	34825
654.8	34829
654.9	34833
655	34839
655.1	34844
655.2	34847
655.3	34851
655.4	34855
655.5	34860
655.6	34863
655.7	34867
655.8	34871
655.9	34875
656	34879
656.1	34883
656.2	34887
656.3	34891
656.4	34895
656.5	34899
656.6	34903
656.7	34907
656.8	34911
656.9	34915
657	34919
657.1	34923
657.2	34927
657.3	34931
657.4	34935
657.5	34939
657.6	34943
657.7	34947
657.8	34951
657.9	34955
658	34959
658.1	34963
658.2	34967
658.3	34971
658.4	34975
658.5	34979
658.6	34983
658.7	34987
658.8	34991
658.9	34995
659	34999
659.1	35003
659.2	35007
659.3	35011
659.4	35015
659.5	35019
659.6	35023
659.7	35028
659.8	35031
659.9	35036
660	35042
660.1	35046
660.2	35049
660.3	35054
660.4	35058
660.5	35061
660.6	35065
660.7	35069
660.8	35073
660.9	35077
661	35081
661.1	35085
661.2	35089
661.3	35093
661.4	35097
661.5	35101
661.6	35105
661.7	35109
661.8	35113
661.9	35116
662	35120
662.1	35124
662.2	35128
662.3	35133
662.4	35137
662.5	35141
662.6	35145
662.7	35149
662.8	35153
662.9	35157
663	35160
663.1	35165
663.2	35169
663.3	35173
663.4	35177
663.5	35181
663.6	35185
663.7	35189
663.8	35193
663.9	35197
664	35201
664.1	35205
664.2	35209
664.3	35213
664.4	35218
664.5	35222
664.6	35226
664.7	35230
664.8	35234
664.9	35238
665	35244
665.1	35249
665.2	35253
665.3	35257
665.4	35261
665.5	35265
665.6	35269
665.7	35273
665.8	35277
665.9	35281
666	35285
666.1	35289
666.2	35294
666.3	35298
666.4	35301
666.5	35306
666.6	35310
666.7	35314
666.8	35318
666.9	35322
667	35326
667.1	35330
667.2	35334
667.3	35338
667.4	35342
667.5	35346
667.6	35350
667.7	35353
667.8	35357
667.9	35361
668	35365
668.1	35369
668.2	35373
668.3	35377
668.4	35381
668.5	35385
668.6	35389
668.7	35393
668.8	35397
668.9	35402
669	35406
669.1	35410
669.2	35414
669.3	35418
669.4	35422
669.5	35426
669.6	35430
669.7	35434
669.8	35438
669.9	35442
670	35448
670.1	35452
670.2	35457
670.3	35461
670.4	35464
670.5	35469
670.6	35473
670.7	35477
670.8	35481
670.9	35485
671	35489
671.1	35493
671.2	35497
671.3	35501
671.4	35505
671.5	35509
671.6	35513
671.7	35517
671.8	35521
671.9	35525
672	35529
672.1	35533
672.2	35537
672.3	35541
672.4	35545
672.5	35549
672.6	35553
672.7	35557
672.8	35562
672.9	35566
673	35570
673.1	35574
673.2	35578
673.3	35582
673.4	35586
673.5	35589
673.6	35593
673.7	35598
673.8	35601
673.9	35606
674	35610
674.1	35614
674.2	35618
674.3	35622
674.4	35626
674.5	35630
674.6	35634
674.7	35637
674.8	35642
674.9	35646
675	35652
675.1	35656
675.2	35660
675.3	35664
675.4	35668
675.5	35672
675.6	35676
675.7	35681
675.8	35685
675.9	35689
676	35693
676.1	35697
676.2	35701
676.3	35705
676.4	35709
676.5	35713
676.6	35717
676.7	35721
676.8	35725
676.9	35729
677	35733
677.1	35737
677.2	35741
677.3	35745
677.4	35749
677.5	35753
677.6	35757
677.7	35762
677.8	35766
677.9	35770
678	35774
678.1	35778
678.2	35782
678.3	35786
678.4	35790
678.5	35794
678.6	35798
678.7	35802
678.8	35806
678.9	35810
679	35814
679.1	35818
679.2	35822
679.3	35826
679.4	35830
679.5	35834
679.6	35838
679.7	35842
679.8	35846
679.9	35850
680	35856
680.1	35860
680.2	35864
680.3	35868
680.4	35872
680.5	35877
680.6	35881
680.7	35885
680.8	35889
680.9	35893
681	35897
681.1	35901
681.2	35905
681.3	35909
681.4	35913
681.5	35917
681.6	35921
681.7	35925
681.8	35929
681.9	35933
682	35937
682.1	35941
682.2	35945
682.3	35949
682.4	35953
682.5	35957
682.6	35961
682.7	35965
682.8	35969
682.9	35973
683	35977
683.1	35981
683.2	35985
683.3	35989
683.4	35993
683.5	35997
683.6	36001
683.7	36005
683.8	36009
683.9	36013
684	36017
684.1	36021
684.2	36025
684.3	36029
684.4	36033
684.5	36037
684.6	36041
684.7	36045
684.8	36049
684.9	36053
685	36059
685.1	36063
685.2	36068
685.3	36072
685.4	36076
685.5	36080
685.6	36084
685.7	36088
685.8	36092
685.9	36096
686	36100
686.1	36104
686.2	36108
686.3	36112
686.4	36117
686.5	36121
686.6	36125
686.7	36129
686.8	36133
686.9	36136
687	36141
687.1	36145
687.2	36149
687.3	36153
687.4	36157
687.5	36161
687.6	36165
687.7	36169
687.8	36174
687.9	36178
688	36182
688.1	36186
688.2	36190
688.3	36194
688.4	36198
688.5	36202
688.6	36206
688.7	36210
688.8	36214
688.9	36218
689	36222
689.1	36227
689.2	36231
689.3	36235
689.4	36239
689.5	36243
689.6	36247
689.7	36251
689.8	36256
689.9	36259
690	36266
690.1	36270
690.2	36274
690.3	36278
690.4	36282
690.5	36286
690.6	36290
690.7	36294
690.8	36298
690.9	36302
691	36306
691.1	36310
691.2	36314
691.3	36319
691.4	36323
691.5	36326
691.6	36330
691.7	36334
691.8	36338
691.9	36342
692	36346
692.1	36350
692.2	36354
692.3	36358
692.4	36363
692.5	36367
692.6	36371
692.7	36375
692.8	36379
692.9	36383
693	36387
693.1	36391
693.2	36395
693.3	36399
693.4	36404
693.5	36408
693.6	36412
693.7	36417
693.8	36421
693.9	36425
694	36430
694.1	36434
694.2	36438
694.3	36442
694.4	36447
694.5	36451
694.6	36456
694.7	36460
694.8	36464
694.9	36469
695	36475
695.1	36479
695.2	36483
695.3	36487
695.4	36491
695.5	36496
695.6	36500
695.7	36504
695.8	36508
695.9	36512
696	36516
696.1	36520
696.2	36524
696.3	36529
696.4	36533
696.5	36537
696.6	36541
696.7	36545
696.8	36550
696.9	36554
697	36558
697.1	36562
697.2	36566
697.3	36570
697.4	36574
697.5	36578
697.6	36582
697.7	36586
697.8	36590
697.9	36595
698	36599
698.1	36603
698.2	36607
698.3	36611
698.4	36616
698.5	36620
698.6	36624
698.7	36628
698.8	36632
698.9	36636
699	36640
699.1	36644
699.2	36648
699.3	36653
699.4	36657
699.5	36661
699.6	36665
699.7	36669
699.8	36673
699.9	36677
700	36683
700.1	36687
700.2	36691
700.3	36695
700.4	36699
700.5	36703
700.6	36707
700.7	36711
700.8	36715
700.9	36720
701	36724
701.1	36728
701.2	36732
701.3	36736
701.4	36740
701.5	36744
701.6	36748
701.7	36752
701.8	36756
701.9	36761
702	36765
702.1	36769
702.2	36773
702.3	36777
702.4	36781
702.5	36785
702.6	36789
702.7	36793
702.8	36797
702.9	36801
703	36806
703.1	36810
703.2	36814
703.3	36818
703.4	36822
703.5	36826
703.6	36830
703.7	36834
703.8	36838
703.9	36843
704	36847
704.1	36851
704.2	36855
704.3	36859
704.4	36864
704.5	36868
704.6	36872
704.7	36876
704.8	36880
704.9	36884
705	36891
705.1	36895
705.2	36898
705.3	36903
705.4	36907
705.5	36911
705.6	36915
705.7	36919
705.8	36923
705.9	36927
706	36932
706.1	36936
706.2	36940
706.3	36944
706.4	36948
706.5	36952
706.6	36956
706.7	36960
706.8	36964
706.9	36968
707	36972
707.1	36976
707.2	36980
707.3	36984
707.4	36988
707.5	36993
707.6	36997
707.7	37001
707.8	37005
707.9	37009
708	37013
708.1	37017
708.2	37022
708.3	37026
708.4	37030
708.5	37034
708.6	37038
708.7	37042
708.8	37046
708.9	37050
709	37054
709.1	37058
709.2	37062
709.3	37066
709.4	37071
709.5	37075
709.6	37079
709.7	37083
709.8	37087
709.9	37091
710	37097
710.1	37101
710.2	37105
710.3	37109
710.4	37114
710.5	37117
710.6	37121
710.7	37125
710.8	37129
710.9	37133
711	37138
711.1	37142
711.2	37146
711.3	37150
711.4	37154
711.5	37158
711.6	37162
711.7	37166
711.8	37170
711.9	37174
712	37178
712.1	37182
712.2	37186
712.3	37190
712.4	37194
712.5	37197
712.6	37202
712.7	37206
712.8	37210
712.9	37215
713	37219
713.1	37223
713.2	37227
713.3	37231
713.4	37235
713.5	37239
713.6	37244
713.7	37248
713.8	37252
713.9	37256
714	37260
714.1	37265
714.2	37269
714.3	37273
714.4	37277
714.5	37281
714.6	37285
714.7	37289
714.8	37293
714.9	37297
715	37303
715.1	37307
715.2	37311
715.3	37316
715.4	37320
715.5	37324
715.6	37328
715.7	37332
715.8	37336
715.9	37340
716	37344
716.1	37348
716.2	37352
716.3	37356
716.4	37361
716.5	37364
716.6	37369
716.7	37373
716.8	37377
716.9	37381
717	37385
717.1	37389
717.2	37393
717.3	37397
717.4	37401
717.5	37405
717.6	37409
717.7	37413
717.8	37417
717.9	37422
718	37425
718.1	37429
718.2	37433
718.3	37438
718.4	37442
718.5	37445
718.6	37449
718.7	37453
718.8	37457
718.9	37461
719	37466
719.1	37470
719.2	37474
719.3	37478
719.4	37482
719.5	37486
719.6	37490
719.7	37494
719.8	37498
719.9	37503
720	37509
720.1	37513
720.2	37517
720.3	37521
720.4	37525
720.5	37529
720.6	37533
720.7	37537
720.8	37541
720.9	37545
721	37549
721.1	37553
721.2	37558
721.3	37562
721.4	37566
721.5	37570
721.6	37575
721.7	37579
721.8	37583
721.9	37586
722	37591
722.1	37595
722.2	37599
722.3	37603
722.4	37607
722.5	37611
722.6	37615
722.7	37619
722.8	37623
722.9	37627
723	37631
723.1	37635
723.2	37639
723.3	37644
723.4	37648
723.5	37652
723.6	37656
723.7	37661
723.8	37665
723.9	37669
724	37673
724.1	37677
724.2	37681
724.3	37685
724.4	37690
724.5	37694
724.6	37698
724.7	37702
724.8	37706
724.9	37711
725	37717
725.1	37721
725.2	37725
725.3	37729
725.4	37733
725.5	37737
725.6	37742
725.7	37746
725.8	37750
725.9	37754
726	37758
726.1	37762
726.2	37766
726.3	37770
726.4	37774
726.5	37779
726.6	37783
726.7	37787
726.8	37791
726.9	37795
727	37799
727.1	37803
727.2	37807
727.3	37811
727.4	37815
727.5	37819
727.6	37823
727.7	37827
727.8	37831
727.9	37835
728	37840
728.1	37844
728.2	37848
728.3	37852
728.4	37856
728.5	37860
728.6	37864
728.7	37868
728.8	37872
728.9	37876
729	37880
729.1	37884
729.2	37888
729.3	37892
729.4	37896
729.5	37900
729.6	37904
729.7	37908
729.8	37912
729.9	37916
730	37923
730.1	37927
730.2	37931
730.3	37935
730.4	37939
730.5	37943
730.6	37947
730.7	37951
730.8	37955
730.9	37959
731	37963
731.1	37967
731.2	37971
731.3	37975
731.4	37979
731.5	37984
731.6	37988
731.7	37992
731.8	37996
731.9	38000
732	38004
732.1	38008
732.2	38012
732.3	38016
732.4	38020
732.5	38024
732.6	38028
732.7	38032
732.8	38036
732.9	38040
733	38044
733.1	38048
733.2	38052
733.3	38056
733.4	38060
733.5	38065
733.6	38069
733.7	38073
733.8	38077
733.9	38081
734	38085
734.1	38089
734.2	38093
734.3	38097
734.4	38101
734.5	38105
734.6	38110
734.7	38114
734.8	38118
734.9	38122
735	38128
735.1	38133
735.2	38137
735.3	38140
735.4	38144
735.5	38149
735.6	38153
735.7	38157
735.8	38161
735.9	38165
736	38169
736.1	38173
736.2	38177
