0.0011999	0.0011999
0.00263965	0.00263965
0.00436705	0.00436705
0.00643992	0.00643992
0.00892676	0.00892676
0.0119101	0.0119101
0.0154883	0.0154883
0.0197816	0.0197816
0.0249318	0.0249318
0.031112	0.031112
0.0385282	0.0385282
0.0474198	0.0474198
0.0580705	0.0580705
0.0708403	0.0708403
0.0861483	0.0861483
0.104484	0.104484
0.126437	0.126437
0.15278	0.15278
0.184256	0.184256
0.221879	0.221879
0.266955	0.266955
0.32074	0.32074
0.384839	0.384839
0.461759	0.461759
0.552523	0.552523
0.651356	0.651356
0.750189	0.750189
0.849022	0.849022
0.947855	0.947855
1.04669	1.04669
1.14552	1.14552
1.24435	1.24435
1.34319	1.34319
1.44202	1.44202
1.54085	1.54085
1.63968	1.63968
1.73852	1.73852
1.83735	1.83735
1.93618	1.93618
2.03502	2.03502
2.13385	2.13385
2.23268	2.23268
2.33151	2.33151
2.43035	2.43035
2.52918	2.52918
2.62801	2.62801
2.72685	2.72685
2.82568	2.82568
2.92451	2.92451
3.02334	3.02334
3.12218	3.12218
3.22101	3.22101
3.31984	3.31984
3.41867	3.41867
3.51751	3.51751
3.61634	3.61634
3.71517	3.71517
3.81401	3.81401
3.91284	3.91284
4.01167	4.01167
4.1105	4.1105
4.20934	4.20934
4.30817	4.30817
4.407	4.407
4.50584	4.50584
4.60467	4.60467
4.7035	4.7035
4.80233	4.80233
4.90117	4.90117
5	5
5.1	5.1
5.2	5.2
5.3	5.3
5.4	5.4
5.5	5.5
5.6	5.6
5.7	5.7
5.8	5.8
5.9	5.9
6	6
6.1	6.1
6.2	6.2
6.3	6.3
6.4	6.4
6.5	6.5
6.6	6.6
6.7	6.7
6.8	6.8
6.9	6.9
7	7
7.1	7.1
7.2	7.2
7.3	7.3
7.4	7.4
7.5	7.5
7.6	7.6
7.7	7.7
7.8	7.8
7.9	7.9
8	8
8.1	8.1
8.2	8.2
8.3	8.3
8.4	8.4
8.5	8.5
8.6	8.6
8.7	8.7
8.8	8.8
8.9	8.9
9	9
9.1	9.1
9.2	9.2
9.3	9.3
9.4	9.4
9.5	9.5
9.6	9.6
9.7	9.7
9.8	9.8
9.9	9.9
10	10
10.1	10.1
10.2	10.2
10.3	10.3
10.4	10.4
10.5	10.5
10.6	10.6
10.7	10.7
10.8	10.8
10.9	10.9
11	11
11.1	11.1
11.2	11.2
11.3	11.3
11.4	11.4
11.5	11.5
11.6	11.6
11.7	11.7
11.8	11.8
11.9	11.9
12	12
12.1	12.1
12.2	12.2
12.3	12.3
12.4	12.4
12.5	12.5
12.6	12.6
12.7	12.7
12.8	12.8
12.9	12.9
13	13
13.1	13.1
13.2	13.2
13.3	13.3
13.4	13.4
13.5	13.5
13.6	13.6
13.7	13.7
13.8	13.8
13.9	13.9
14	14
14.1	14.1
14.2	14.2
14.3	14.3
14.4	14.4
14.5	14.5
14.6	14.6
14.7	14.7
14.8	14.8
14.9	14.9
15	15
15.1	15.1
15.2	15.2
15.3	15.3
15.4	15.4
15.5	15.5
15.6	15.6
15.7	15.7
15.8	15.8
15.9	15.9
16	16
16.1	16.1
16.2	16.2
16.3	16.3
16.4	16.4
16.5	16.5
16.6	16.6
16.7	16.7
16.8	16.8
16.9	16.9
17	17
17.1	17.1
17.2	17.2
17.3	17.3
17.4	17.4
17.5	17.5
17.6	17.6
17.7	17.7
17.8	17.8
17.9	17.9
18	18
18.1	18.1
18.2	18.2
18.3	18.3
18.4	18.4
18.5	18.5
18.6	18.6
18.7	18.7
18.8	18.8
18.9	18.9
19	19
19.1	19.1
19.2	19.2
19.3	19.3
19.4	19.4
19.5	19.5
19.6	19.6
19.7	19.7
19.8	19.8
19.9	19.9
20	20
20.1	20.1
20.2	20.2
20.3	20.3
20.4	20.4
20.5	20.5
20.6	20.6
20.7	20.7
20.8	20.8
20.9	20.9
21	21
21.1	21.1
21.2	21.2
21.3	21.3
21.4	21.4
21.5	21.5
21.6	21.6
21.7	21.7
21.8	21.8
21.9	21.9
22	22
22.1	22.1
22.2	22.2
22.3	22.3
22.4	22.4
22.5	22.5
22.6	22.6
22.7	22.7
22.8	22.8
22.9	22.9
23	23
23.1	23.1
23.2	23.2
23.3	23.3
23.4	23.4
23.5	23.5
23.6	23.6
23.7	23.7
23.8	23.8
23.9	23.9
24	24
24.1	24.1
24.2	24.2
24.3	24.3
24.4	24.4
24.5	24.5
24.6	24.6
24.7	24.7
24.8	24.8
24.9	24.9
25	25
25.1	25.1
25.2	25.2
25.3	25.3
25.4	25.4
25.5	25.5
25.6	25.6
25.7	25.7
25.8	25.8
25.9	25.9
26	26
26.1	26.1
26.2	26.2
26.3	26.3
26.4	26.4
26.5	26.5
26.6	26.6
26.7	26.7
26.8	26.8
26.9	26.9
27	27
27.1	27.1
27.2	27.2
27.3	27.3
27.4	27.4
27.5	27.5
27.6	27.6
27.7	27.7
27.8	27.8
27.9	27.9
28	28
28.1	28.1
28.2	28.2
28.3	28.3
28.4	28.4
28.5	28.5
28.6	28.6
28.7	28.7
28.8	28.8
28.9	28.9
29	29
29.1	29.1
29.2	29.2
29.3	29.3
29.4	29.4
29.5	29.5
29.6	29.6
29.7	29.7
29.8	29.8
29.9	29.9
30	30
30.1	30.1
30.2	30.2
30.3	30.3
30.4	30.4
30.5	30.5
30.6	30.6
30.7	30.7
30.8	30.8
30.9	30.9
31	31
31.1	31.1
31.2	31.2
31.3	31.3
31.4	31.4
31.5	31.5
31.6	31.6
31.7	31.7
31.8	31.8
31.9	31.9
32	32
32.1	32.1
32.2	32.2
32.3	32.3
32.4	32.4
32.5	32.5
32.6	32.6
32.7	32.7
32.8	32.8
32.9	32.9
33	33
33.1	33.1
33.2	33.2
33.3	33.3
33.4	33.4
33.5	33.5
33.6	33.6
33.7	33.7
33.8	33.8
33.9	33.9
34	34
34.1	34.1
34.2	34.2
34.3	34.3
34.4	34.4
34.5	34.5
34.6	34.6
34.7	34.7
34.8	34.8
34.9	34.9
35	35
35.1	35.1
35.2	35.2
35.3	35.3
35.4	35.4
35.5	35.5
35.6	35.6
35.7	35.7
35.8	35.8
35.9	35.9
36	36
36.1	36.1
36.2	36.2
36.3	36.3
36.4	36.4
36.5	36.5
36.6	36.6
36.7	36.7
36.8	36.8
36.9	36.9
37	37
37.1	37.1
37.2	37.2
37.3	37.3
37.4	37.4
37.5	37.5
37.6	37.6
37.7	37.7
37.8	37.8
37.9	37.9
38	38
38.1	38.1
38.2	38.2
38.3	38.3
38.4	38.4
38.5	38.5
38.6	38.6
38.7	38.7
38.8	38.8
38.9	38.9
39	39
39.1	39.1
39.2	39.2
39.3	39.3
39.4	39.4
39.5	39.5
39.6	39.6
39.7	39.7
39.8	39.8
39.9	39.9
40	40
40.1	40.1
40.2	40.2
40.3	40.3
40.4	40.4
40.5	40.5
40.6	40.6
40.7	40.7
40.8	40.8
40.9	40.9
41	41
41.1	41.1
41.2	41.2
41.3	41.3
41.4	41.4
41.5	41.5
41.6	41.6
41.7	41.7
41.8	41.8
41.9	41.9
42	42
42.1	42.1
42.2	42.2
42.3	42.3
42.4	42.4
42.5	42.5
42.6	42.6
42.7	42.7
42.8	42.8
42.9	42.9
43	43
43.1	43.1
43.2	43.2
43.3	43.3
43.4	43.4
43.5	43.5
43.6	43.6
43.7	43.7
43.8	43.8
43.9	43.9
44	44
44.1	44.1
44.2	44.2
44.3	44.3
44.4	44.4
44.5	44.5
44.6	44.6
44.7	44.7
44.8	44.8
44.9	44.9
45	45
45.1	45.1
45.2	45.2
45.3	45.3
45.4	45.4
45.5	45.5
45.6	45.6
45.7	45.7
45.8	45.8
45.9	45.9
46	46
46.1	46.1
46.2	46.2
46.3	46.3
46.4	46.4
46.5	46.5
46.6	46.6
46.7	46.7
46.8	46.8
46.9	46.9
47	47
47.1	47.1
47.2	47.2
47.3	47.3
47.4	47.4
47.5	47.5
47.6	47.6
47.7	47.7
47.8	47.8
47.9	47.9
48	48
48.1	48.1
48.2	48.2
48.3	48.3
48.4	48.4
48.5	48.5
48.6	48.6
48.7	48.7
48.8	48.8
48.9	48.9
49	49
49.1	49.1
49.2	49.2
49.3	49.3
49.4	49.4
49.5	49.5
49.6	49.6
49.7	49.7
49.8	49.8
49.9	49.9
50	50
50.1	50.1
50.2	50.2
50.3	50.3
50.4	50.4
50.5	50.5
50.6	50.6
50.7	50.7
50.8	50.8
50.9	50.9
51	51
51.1	51.1
51.2	51.2
51.3	51.3
51.4	51.4
51.5	51.5
51.6	51.6
51.7	51.7
51.8	51.8
51.9	51.9
52	52
52.1	52.1
52.2	52.2
52.3	52.3
52.4	52.4
52.5	52.5
52.6	52.6
52.7	52.7
52.8	52.8
52.9	52.9
53	53
53.1	53.1
53.2	53.2
53.3	53.3
53.4	53.4
53.5	53.5
53.6	53.6
53.7	53.7
53.8	53.8
53.9	53.9
54	54
54.1	54.1
54.2	54.2
54.3	54.3
54.4	54.4
54.5	54.5
54.6	54.6
54.7	54.7
54.8	54.8
54.9	54.9
55	55
55.1	55.1
55.2	55.2
55.3	55.3
55.4	55.4
55.5	55.5
55.6	55.6
55.7	55.7
55.8	55.8
55.9	55.9
56	56
56.1	56.1
56.2	56.2
56.3	56.3
56.4	56.4
56.5	56.5
56.6	56.6
56.7	56.7
56.8	56.8
56.9	56.9
57	57
57.1	57.1
57.2	57.2
57.3	57.3
57.4	57.4
57.5	57.5
57.6	57.6
57.7	57.7
57.8	57.8
57.9	57.9
58	58
58.1	58.1
58.2	58.2
58.3	58.3
58.4	58.4
58.5	58.5
58.6	58.6
58.7	58.7
58.8	58.8
58.9	58.9
59	59
59.1	59.1
59.2	59.2
59.3	59.3
59.4	59.4
59.5	59.5
59.6	59.6
59.7	59.7
59.8	59.8
59.9	59.9
60	60
60.1	60.1
60.2	60.2
60.3	60.3
60.4	60.4
60.5	60.5
60.6	60.6
60.7	60.7
60.8	60.8
60.9	60.9
61	61
61.1	61.1
61.2	61.2
61.3	61.3
61.4	61.4
61.5	61.5
61.6	61.6
61.7	61.7
61.8	61.8
61.9	61.9
62	62
62.1	62.1
62.2	62.2
62.3	62.3
62.4	62.4
62.5	62.5
62.6	62.6
62.7	62.7
62.8	62.8
62.9	62.9
63	63
63.1	63.1
63.2	63.2
63.3	63.3
63.4	63.4
63.5	63.5
63.6	63.6
63.7	63.7
63.8	63.8
63.9	63.9
64	64
64.1	64.1
64.2	64.2
64.3	64.3
64.4	64.4
64.5	64.5
64.6	64.6
64.7	64.7
64.8	64.8
64.9	64.9
65	65
65.1	65.1
65.2	65.2
65.3	65.3
65.4	65.4
65.5	65.5
65.6	65.6
65.7	65.7
65.8	65.8
65.9	65.9
66	66
66.1	66.1
66.2	66.2
66.3	66.3
66.4	66.4
66.5	66.5
66.6	66.6
66.7	66.7
66.8	66.8
66.9	66.9
67	67
67.1	67.1
67.2	67.2
67.3	67.3
67.4	67.4
67.5	67.5
67.6	67.6
67.7	67.7
67.8	67.8
67.9	67.9
68	68
68.1	68.1
68.2	68.2
68.3	68.3
68.4	68.4
68.5	68.5
68.6	68.6
68.7	68.7
68.8	68.8
68.9	68.9
69	69
69.1	69.1
69.2	69.2
69.3	69.3
69.4	69.4
69.5	69.5
69.6	69.6
69.7	69.7
69.8	69.8
69.9	69.9
70	70
70.1	70.1
70.2	70.2
70.3	70.3
70.4	70.4
70.5	70.5
70.6	70.6
70.7	70.7
70.8	70.8
70.9	70.9
71	71
71.1	71.1
71.2	71.2
71.3	71.3
71.4	71.4
71.5	71.5
71.6	71.6
71.7	71.7
71.8	71.8
71.9	71.9
72	72
72.1	72.1
72.2	72.2
72.3	72.3
72.4	72.4
72.5	72.5
72.6	72.6
72.7	72.7
72.8	72.8
72.9	72.9
73	73
73.1	73.1
73.2	73.2
73.3	73.3
73.4	73.4
73.5	73.5
73.6	73.6
73.7	73.7
73.8	73.8
73.9	73.9
74	74
74.1	74.1
74.2	74.2
74.3	74.3
74.4	74.4
74.5	74.5
74.6	74.6
74.7	74.7
74.8	74.8
74.9	74.9
75	75
75.1	75.1
75.2	75.2
75.3	75.3
75.4	75.4
75.5	75.5
75.6	75.6
75.7	75.7
75.8	75.8
75.9	75.9
76	76
76.1	76.1
76.2	76.2
76.3	76.3
76.4	76.4
76.5	76.5
76.6	76.6
76.7	76.7
76.8	76.8
76.9	76.9
77	77
77.1	77.1
77.2	77.2
77.3	77.3
77.4	77.4
77.5	77.5
77.6	77.6
77.7	77.7
77.8	77.8
77.9	77.9
78	78
78.1	78.1
78.2	78.2
78.3	78.3
78.4	78.4
78.5	78.5
78.6	78.6
78.7	78.7
78.8	78.8
78.9	78.9
79	79
79.1	79.1
79.2	79.2
79.3	79.3
79.4	79.4
79.5	79.5
79.6	79.6
79.7	79.7
79.8	79.8
79.9	79.9
80	80
80.1	80.1
80.2	80.2
80.3	80.3
80.4	80.4
80.5	80.5
80.6	80.6
80.7	80.7
80.8	80.8
80.9	80.9
81	81
81.1	81.1
81.2	81.2
81.3	81.3
81.4	81.4
81.5	81.5
81.6	81.6
81.7	81.7
81.8	81.8
81.9	81.9
82	82
82.1	82.1
82.2	82.2
82.3	82.3
82.4	82.4
82.5	82.5
82.6	82.6
82.7	82.7
82.8	82.8
82.9	82.9
83	83
83.1	83.1
83.2	83.2
83.3	83.3
83.4	83.4
83.5	83.5
83.6	83.6
83.7	83.7
83.8	83.8
83.9	83.9
84	84
84.1	84.1
84.2	84.2
84.3	84.3
84.4	84.4
84.5	84.5
84.6	84.6
84.7	84.7
84.8	84.8
84.9	84.9
85	85
85.1	85.1
85.2	85.2
85.3	85.3
85.4	85.4
85.5	85.5
85.6	85.6
85.7	85.7
85.8	85.8
85.9	85.9
86	86
86.1	86.1
86.2	86.2
86.3	86.3
86.4	86.4
86.5	86.5
86.6	86.6
86.7	86.7
86.8	86.8
86.9	86.9
87	87
87.1	87.1
87.2	87.2
87.3	87.3
87.4	87.4
87.5	87.5
87.6	87.6
87.7	87.7
87.8	87.8
87.9	87.9
88	88
88.1	88.1
88.2	88.2
88.3	88.3
88.4	88.4
88.5	88.5
88.6	88.6
88.7	88.7
88.8	88.8
88.9	88.9
89	89
89.1	89.1
89.2	89.2
89.3	89.3
89.4	89.4
89.5	89.5
89.6	89.6
89.7	89.7
89.8	89.8
89.9	89.9
90	90
90.1	90.1
90.2	90.2
90.3	90.3
90.4	90.4
90.5	90.5
90.6	90.6
90.7	90.7
90.8	90.8
90.9	90.9
91	91
91.1	91.1
91.2	91.2
91.3	91.3
91.4	91.4
91.5	91.5
91.6	91.6
91.7	91.7
91.8	91.8
91.9	91.9
92	92
92.1	92.1
92.2	92.2
92.3	92.3
92.4	92.4
92.5	92.5
92.6	92.6
92.7	92.7
92.8	92.8
92.9	92.9
93	93
93.1	93.1
93.2	93.2
93.3	93.3
93.4	93.4
93.5	93.5
93.6	93.6
93.7	93.7
93.8	93.8
93.9	93.9
94	94
94.1	94.1
94.2	94.2
94.3	94.3
94.4	94.4
94.5	94.5
94.6	94.6
94.7	94.7
94.8	94.8
94.9	94.9
95	95
95.1	95.1
95.2	95.2
95.3	95.3
95.4	95.4
95.5	95.5
95.6	95.6
95.7	95.7
95.8	95.8
95.9	95.9
96	96
96.1	96.1
96.2	96.2
96.3	96.3
96.4	96.4
96.5	96.5
96.6	96.6
96.7	96.7
96.8	96.8
96.9	96.9
97	97
97.1	97.1
97.2	97.2
97.3	97.3
97.4	97.4
97.5	97.5
97.6	97.6
97.7	97.7
97.8	97.8
97.9	97.9
98	98
98.1	98.1
98.2	98.2
98.3	98.3
98.4	98.4
98.5	98.5
98.6	98.6
98.7	98.7
98.8	98.8
98.9	98.9
99	99
99.1	99.1
99.2	99.2
99.3	99.3
99.4	99.4
99.5	99.5
99.6	99.6
99.7	99.7
99.8	99.8
99.9	99.9
100	100
100.1	100.1
100.2	100.2
100.3	100.3
100.4	100.4
100.5	100.5
100.6	100.6
100.7	100.7
100.8	100.8
100.9	100.9
101	101
101.1	101.1
101.2	101.2
101.3	101.3
101.4	101.4
101.5	101.5
101.6	101.6
101.7	101.7
101.8	101.8
101.9	101.9
102	102
102.1	102.1
102.2	102.2
102.3	102.3
102.4	102.4
102.5	102.5
102.6	102.6
102.7	102.7
102.8	102.8
102.9	102.9
103	103
103.1	103.1
103.2	103.2
103.3	103.3
103.4	103.4
103.5	103.5
103.6	103.6
103.7	103.7
103.8	103.8
103.9	103.9
104	104
104.1	104.1
104.2	104.2
104.3	104.3
104.4	104.4
104.5	104.5
104.6	104.6
104.7	104.7
104.8	104.8
104.9	104.9
105	105
105.1	105.1
105.2	105.2
105.3	105.3
105.4	105.4
105.5	105.5
105.6	105.6
105.7	105.7
105.8	105.8
105.9	105.9
106	106
106.1	106.1
106.2	106.2
106.3	106.3
106.4	106.4
106.5	106.5
106.6	106.6
106.7	106.7
106.8	106.8
106.9	106.9
107	107
107.1	107.1
107.2	107.2
107.3	107.3
107.4	107.4
107.5	107.5
107.6	107.6
107.7	107.7
107.8	107.8
107.9	107.9
108	108
108.1	108.1
108.2	108.2
108.3	108.3
108.4	108.4
108.5	108.5
108.6	108.6
108.7	108.7
108.8	108.8
108.9	108.9
109	109
109.1	109.1
109.2	109.2
109.3	109.3
109.4	109.4
109.5	109.5
109.6	109.6
109.7	109.7
109.8	109.8
109.9	109.9
110	110
110.1	110.1
110.2	110.2
110.3	110.3
110.4	110.4
110.5	110.5
110.6	110.6
110.7	110.7
110.8	110.8
110.9	110.9
111	111
111.1	111.1
111.2	111.2
111.3	111.3
111.4	111.4
111.5	111.5
111.6	111.6
111.7	111.7
111.8	111.8
111.9	111.9
112	112
112.1	112.1
112.2	112.2
112.3	112.3
112.4	112.4
112.5	112.5
112.6	112.6
112.7	112.7
112.8	112.8
112.9	112.9
113	113
113.1	113.1
113.2	113.2
113.3	113.3
113.4	113.4
113.5	113.5
113.6	113.6
113.7	113.7
113.8	113.8
113.9	113.9
114	114
114.1	114.1
114.2	114.2
114.3	114.3
114.4	114.4
114.5	114.5
114.6	114.6
114.7	114.7
114.8	114.8
114.9	114.9
115	115
115.1	115.1
115.2	115.2
115.3	115.3
115.4	115.4
115.5	115.5
115.6	115.6
115.7	115.7
115.8	115.8
115.9	115.9
116	116
116.1	116.1
116.2	116.2
116.3	116.3
116.4	116.4
116.5	116.5
116.6	116.6
116.7	116.7
116.8	116.8
116.9	116.9
117	117
117.1	117.1
117.2	117.2
117.3	117.3
117.4	117.4
117.5	117.5
117.6	117.6
117.7	117.7
117.8	117.8
117.9	117.9
118	118
118.1	118.1
118.2	118.2
118.3	118.3
118.4	118.4
118.5	118.5
118.6	118.6
118.7	118.7
118.8	118.8
118.9	118.9
119	119
119.1	119.1
119.2	119.2
119.3	119.3
119.4	119.4
119.5	119.5
119.6	119.6
119.7	119.7
119.8	119.8
119.9	119.9
120	120
120.1	120.1
120.2	120.2
120.3	120.3
120.4	120.4
120.5	120.5
120.6	120.6
120.7	120.7
120.8	120.8
120.9	120.9
121	121
121.1	121.1
121.2	121.2
121.3	121.3
121.4	121.4
121.5	121.5
121.6	121.6
121.7	121.7
121.8	121.8
121.9	121.9
122	122
122.1	122.1
122.2	122.2
122.3	122.3
122.4	122.4
122.5	122.5
122.6	122.6
122.7	122.7
122.8	122.8
122.9	122.9
123	123
123.1	123.1
123.2	123.2
123.3	123.3
123.4	123.4
123.5	123.5
123.6	123.6
123.7	123.7
123.8	123.8
123.9	123.9
124	124
124.1	124.1
124.2	124.2
124.3	124.3
124.4	124.4
124.5	124.5
124.6	124.6
124.7	124.7
124.8	124.8
124.9	124.9
125	125
125.1	125.1
125.2	125.2
125.3	125.3
125.4	125.4
125.5	125.5
125.6	125.6
125.7	125.7
125.8	125.8
125.9	125.9
126	126
126.1	126.1
126.2	126.2
126.3	126.3
126.4	126.4
126.5	126.5
126.6	126.6
126.7	126.7
126.8	126.8
126.9	126.9
127	127
127.1	127.1
127.2	127.2
127.3	127.3
127.4	127.4
127.5	127.5
127.6	127.6
127.7	127.7
127.8	127.8
127.9	127.9
128	128
128.1	128.1
128.2	128.2
128.3	128.3
128.4	128.4
128.5	128.5
128.6	128.6
128.7	128.7
128.8	128.8
128.9	128.9
129	129
129.1	129.1
129.2	129.2
129.3	129.3
129.4	129.4
129.5	129.5
129.6	129.6
129.7	129.7
129.8	129.8
129.9	129.9
130	130
130.1	130.1
130.2	130.2
130.3	130.3
130.4	130.4
130.5	130.5
130.6	130.6
130.7	130.7
130.8	130.8
130.9	130.9
131	131
131.1	131.1
131.2	131.2
131.3	131.3
131.4	131.4
131.5	131.5
131.6	131.6
131.7	131.7
131.8	131.8
131.9	131.9
132	132
132.1	132.1
132.2	132.2
132.3	132.3
132.4	132.4
132.5	132.5
132.6	132.6
132.7	132.7
132.8	132.8
132.9	132.9
133	133
133.1	133.1
133.2	133.2
133.3	133.3
133.4	133.4
133.5	133.5
133.6	133.6
133.7	133.7
133.8	133.8
133.9	133.9
134	134
134.1	134.1
134.2	134.2
134.3	134.3
134.4	134.4
134.5	134.5
134.6	134.6
134.7	134.7
134.8	134.8
134.9	134.9
135	135
135.1	135.1
135.2	135.2
135.3	135.3
135.4	135.4
135.5	135.5
135.6	135.6
135.7	135.7
135.8	135.8
135.9	135.9
136	136
136.1	136.1
136.2	136.2
136.3	136.3
136.4	136.4
136.5	136.5
136.6	136.6
136.7	136.7
136.8	136.8
136.9	136.9
137	137
137.1	137.1
137.2	137.2
137.3	137.3
137.4	137.4
137.5	137.5
137.6	137.6
137.7	137.7
137.8	137.8
137.9	137.9
138	138
138.1	138.1
138.2	138.2
138.3	138.3
138.4	138.4
138.5	138.5
138.6	138.6
138.7	138.7
138.8	138.8
138.9	138.9
139	139
139.1	139.1
139.2	139.2
139.3	139.3
139.4	139.4
139.5	139.5
139.6	139.6
139.7	139.7
139.8	139.8
139.9	139.9
140	140
140.1	140.1
140.2	140.2
140.3	140.3
140.4	140.4
140.5	140.5
140.6	140.6
140.7	140.7
140.8	140.8
140.9	140.9
141	141
141.1	141.1
141.2	141.2
141.3	141.3
141.4	141.4
141.5	141.5
141.6	141.6
141.7	141.7
141.8	141.8
141.9	141.9
142	142
142.1	142.1
142.2	142.2
142.3	142.3
142.4	142.4
142.5	142.5
142.6	142.6
142.7	142.7
142.8	142.8
142.9	142.9
143	143
143.1	143.1
143.2	143.2
143.3	143.3
143.4	143.4
143.5	143.5
143.6	143.6
143.7	143.7
143.8	143.8
143.9	143.9
144	144
144.1	144.1
144.2	144.2
144.3	144.3
144.4	144.4
144.5	144.5
144.6	144.6
144.7	144.7
144.8	144.8
144.9	144.9
145	145
145.1	145.1
145.2	145.2
145.3	145.3
145.4	145.4
145.5	145.5
145.6	145.6
145.7	145.7
145.8	145.8
145.9	145.9
146	146
146.1	146.1
146.2	146.2
146.3	146.3
146.4	146.4
146.5	146.5
146.6	146.6
146.7	146.7
146.8	146.8
146.9	146.9
147	147
147.1	147.1
147.2	147.2
147.3	147.3
147.4	147.4
147.5	147.5
147.6	147.6
147.7	147.7
147.8	147.8
147.9	147.9
148	148
148.1	148.1
148.2	148.2
148.3	148.3
148.4	148.4
148.5	148.5
148.6	148.6
148.7	148.7
148.8	148.8
148.9	148.9
149	149
149.1	149.1
149.2	149.2
149.3	149.3
149.4	149.4
149.5	149.5
149.6	149.6
149.7	149.7
149.8	149.8
149.9	149.9
150	150
150.1	150.1
150.2	150.2
150.3	150.3
150.4	150.4
150.5	150.5
150.6	150.6
150.7	150.7
150.8	150.8
150.9	150.9
151	151
151.1	151.1
151.2	151.2
151.3	151.3
151.4	151.4
151.5	151.5
151.6	151.6
151.7	151.7
151.8	151.8
151.9	151.9
152	152
152.1	152.1
152.2	152.2
152.3	152.3
152.4	152.4
152.5	152.5
152.6	152.6
152.7	152.7
152.8	152.8
152.9	152.9
153	153
153.1	153.1
153.2	153.2
153.3	153.3
153.4	153.4
153.5	153.5
153.6	153.6
153.7	153.7
153.8	153.8
153.9	153.9
154	154
154.1	154.1
154.2	154.2
154.3	154.3
154.4	154.4
154.5	154.5
154.6	154.6
154.7	154.7
154.8	154.8
154.9	154.9
155	155
155.1	155.1
155.2	155.2
155.3	155.3
155.4	155.4
155.5	155.5
155.6	155.6
155.7	155.7
155.8	155.8
155.9	155.9
156	156
156.1	156.1
156.2	156.2
156.3	156.3
156.4	156.4
156.5	156.5
156.6	156.6
156.7	156.7
156.8	156.8
156.9	156.9
157	157
157.1	157.1
157.2	157.2
157.3	157.3
157.4	157.4
157.5	157.5
157.6	157.6
157.7	157.7
157.8	157.8
157.9	157.9
158	158
158.1	158.1
158.2	158.2
158.3	158.3
158.4	158.4
158.5	158.5
158.6	158.6
158.7	158.7
158.8	158.8
158.9	158.9
159	159
159.1	159.1
159.2	159.2
159.3	159.3
159.4	159.4
159.5	159.5
159.6	159.6
159.7	159.7
159.8	159.8
159.9	159.9
160	160
160.1	160.1
160.2	160.2
160.3	160.3
160.4	160.4
160.5	160.5
160.6	160.6
160.7	160.7
160.8	160.8
160.9	160.9
161	161
161.1	161.1
161.2	161.2
161.3	161.3
161.4	161.4
161.5	161.5
161.6	161.6
161.7	161.7
161.8	161.8
161.9	161.9
162	162
162.1	162.1
162.2	162.2
162.3	162.3
162.4	162.4
162.5	162.5
162.6	162.6
162.7	162.7
162.8	162.8
162.9	162.9
163	163
163.1	163.1
163.2	163.2
163.3	163.3
163.4	163.4
163.5	163.5
163.6	163.6
163.7	163.7
163.8	163.8
163.9	163.9
164	164
164.1	164.1
164.2	164.2
164.3	164.3
164.4	164.4
164.5	164.5
164.6	164.6
164.7	164.7
164.8	164.8
164.9	164.9
165	165
165.1	165.1
165.2	165.2
165.3	165.3
165.4	165.4
165.5	165.5
165.6	165.6
165.7	165.7
165.8	165.8
165.9	165.9
166	166
166.1	166.1
166.2	166.2
166.3	166.3
166.4	166.4
166.5	166.5
166.6	166.6
166.7	166.7
166.8	166.8
166.9	166.9
167	167
167.1	167.1
167.2	167.2
167.3	167.3
167.4	167.4
167.5	167.5
167.6	167.6
167.7	167.7
167.8	167.8
167.9	167.9
168	168
168.1	168.1
168.2	168.2
168.3	168.3
168.4	168.4
168.5	168.5
168.6	168.6
168.7	168.7
168.8	168.8
168.9	168.9
169	169
169.1	169.1
169.2	169.2
169.3	169.3
169.4	169.4
169.5	169.5
169.6	169.6
169.7	169.7
169.8	169.8
169.9	169.9
170	170
170.1	170.1
170.2	170.2
170.3	170.3
170.4	170.4
170.5	170.5
170.6	170.6
170.7	170.7
170.8	170.8
170.9	170.9
171	171
171.1	171.1
171.2	171.2
171.3	171.3
171.4	171.4
171.5	171.5
171.6	171.6
171.7	171.7
171.8	171.8
171.9	171.9
172	172
172.1	172.1
172.2	172.2
172.3	172.3
172.4	172.4
172.5	172.5
172.6	172.6
172.7	172.7
172.8	172.8
172.9	172.9
173	173
173.1	173.1
173.2	173.2
173.3	173.3
173.4	173.4
173.5	173.5
173.6	173.6
173.7	173.7
173.8	173.8
173.9	173.9
174	174
174.1	174.1
174.2	174.2
174.3	174.3
174.4	174.4
174.5	174.5
174.6	174.6
174.7	174.7
174.8	174.8
174.9	174.9
175	175
175.1	175.1
175.2	175.2
175.3	175.3
175.4	175.4
175.5	175.5
175.6	175.6
175.7	175.7
175.8	175.8
175.9	175.9
176	176
176.1	176.1
176.2	176.2
176.3	176.3
176.4	176.4
176.5	176.5
176.6	176.6
176.7	176.7
176.8	176.8
176.9	176.9
177	177
177.1	177.1
177.2	177.2
177.3	177.3
177.4	177.4
177.5	177.5
177.6	177.6
177.7	177.7
177.8	177.8
177.9	177.9
178	178
178.1	178.1
178.2	178.2
178.3	178.3
178.4	178.4
178.5	178.5
178.6	178.6
178.7	178.7
178.8	178.8
178.9	178.9
179	179
179.1	179.1
179.2	179.2
179.3	179.3
179.4	179.4
179.5	179.5
179.6	179.6
179.7	179.7
179.8	179.8
179.9	179.9
180	180
180.1	180.1
180.2	180.2
180.3	180.3
180.4	180.4
180.5	180.5
180.6	180.6
180.7	180.7
180.8	180.8
180.9	180.9
181	181
181.1	181.1
181.2	181.2
181.3	181.3
181.4	181.4
181.5	181.5
181.6	181.6
181.7	181.7
181.8	181.8
181.9	181.9
182	182
182.1	182.1
182.2	182.2
182.3	182.3
182.4	182.4
182.5	182.5
182.6	182.6
182.7	182.7
182.8	182.8
182.9	182.9
183	183
183.1	183.1
183.2	183.2
183.3	183.3
183.4	183.4
183.5	183.5
183.6	183.6
183.7	183.7
183.8	183.8
183.9	183.9
184	184
184.1	184.1
184.2	184.2
184.3	184.3
184.4	184.4
184.5	184.5
184.6	184.6
184.7	184.7
184.8	184.8
184.9	184.9
185	185
185.1	185.1
185.2	185.2
185.3	185.3
185.4	185.4
185.5	185.5
185.6	185.6
185.7	185.7
185.8	185.8
185.9	185.9
186	186
186.1	186.1
186.2	186.2
186.3	186.3
186.4	186.4
186.5	186.5
186.6	186.6
186.7	186.7
186.8	186.8
186.9	186.9
187	187
187.1	187.1
187.2	187.2
187.3	187.3
187.4	187.4
187.5	187.5
187.6	187.6
187.7	187.7
187.8	187.8
187.9	187.9
188	188
188.1	188.1
188.2	188.2
188.3	188.3
188.4	188.4
188.5	188.5
188.6	188.6
188.7	188.7
188.8	188.8
188.9	188.9
189	189
189.1	189.1
189.2	189.2
189.3	189.3
189.4	189.4
189.5	189.5
189.6	189.6
189.7	189.7
189.8	189.8
189.9	189.9
190	190
190.1	190.1
190.2	190.2
190.3	190.3
190.4	190.4
190.5	190.5
190.6	190.6
190.7	190.7
190.8	190.8
190.9	190.9
191	191
191.1	191.1
191.2	191.2
191.3	191.3
191.4	191.4
191.5	191.5
191.6	191.6
191.7	191.7
191.8	191.8
191.9	191.9
192	192
192.1	192.1
192.2	192.2
192.3	192.3
192.4	192.4
192.5	192.5
192.6	192.6
192.7	192.7
192.8	192.8
192.9	192.9
193	193
193.1	193.1
193.2	193.2
193.3	193.3
193.4	193.4
193.5	193.5
193.6	193.6
193.7	193.7
193.8	193.8
193.9	193.9
194	194
194.1	194.1
194.2	194.2
194.3	194.3
194.4	194.4
194.5	194.5
194.6	194.6
194.7	194.7
194.8	194.8
194.9	194.9
195	195
195.1	195.1
195.2	195.2
195.3	195.3
195.4	195.4
195.5	195.5
195.6	195.6
195.7	195.7
195.8	195.8
195.9	195.9
196	196
196.1	196.1
196.2	196.2
196.3	196.3
196.4	196.4
196.5	196.5
196.6	196.6
196.7	196.7
196.8	196.8
196.9	196.9
197	197
197.1	197.1
197.2	197.2
197.3	197.3
197.4	197.4
197.5	197.5
197.6	197.6
197.7	197.7
197.8	197.8
197.9	197.9
198	198
198.1	198.1
198.2	198.2
198.3	198.3
198.4	198.4
198.5	198.5
198.6	198.6
198.7	198.7
198.8	198.8
198.9	198.9
199	199
199.1	199.1
199.2	199.2
199.3	199.3
199.4	199.4
199.5	199.5
199.6	199.6
199.7	199.7
199.8	199.8
199.9	199.9
200	200
200.1	200.1
200.2	200.2
200.3	200.3
200.4	200.4
200.5	200.5
200.6	200.6
200.7	200.7
200.8	200.8
200.9	200.9
201	201
201.1	201.1
201.2	201.2
201.3	201.3
201.4	201.4
201.5	201.5
201.6	201.6
201.7	201.7
201.8	201.8
201.9	201.9
202	202
202.1	202.1
202.2	202.2
202.3	202.3
202.4	202.4
202.5	202.5
202.6	202.6
202.7	202.7
202.8	202.8
202.9	202.9
203	203
203.1	203.1
203.2	203.2
203.3	203.3
203.4	203.4
203.5	203.5
203.6	203.6
203.7	203.7
203.8	203.8
203.9	203.9
204	204
204.1	204.1
204.2	204.2
204.3	204.3
204.4	204.4
204.5	204.5
204.6	204.6
204.7	204.7
204.8	204.8
204.9	204.9
205	205
205.1	205.1
205.2	205.2
205.3	205.3
205.4	205.4
205.5	205.5
205.6	205.6
205.7	205.7
205.8	205.8
205.9	205.9
206	206
206.1	206.1
206.2	206.2
206.3	206.3
206.4	206.4
206.5	206.5
206.6	206.6
206.7	206.7
206.8	206.8
206.9	206.9
207	207
207.1	207.1
207.2	207.2
207.3	207.3
207.4	207.4
207.5	207.5
207.6	207.6
207.7	207.7
207.8	207.8
207.9	207.9
208	208
208.1	208.1
208.2	208.2
208.3	208.3
208.4	208.4
208.5	208.5
208.6	208.6
208.7	208.7
208.8	208.8
208.9	208.9
209	209
209.1	209.1
209.2	209.2
209.3	209.3
209.4	209.4
209.5	209.5
209.6	209.6
209.7	209.7
209.8	209.8
209.9	209.9
210	210
210.1	210.1
210.2	210.2
210.3	210.3
210.4	210.4
210.5	210.5
210.6	210.6
210.7	210.7
210.8	210.8
210.9	210.9
211	211
211.1	211.1
211.2	211.2
211.3	211.3
211.4	211.4
211.5	211.5
211.6	211.6
211.7	211.7
211.8	211.8
211.9	211.9
212	212
212.1	212.1
212.2	212.2
212.3	212.3
212.4	212.4
212.5	212.5
212.6	212.6
212.7	212.7
212.8	212.8
212.9	212.9
213	213
213.1	213.1
213.2	213.2
213.3	213.3
213.4	213.4
213.5	213.5
213.6	213.6
213.7	213.7
213.8	213.8
213.9	213.9
214	214
214.1	214.1
214.2	214.2
214.3	214.3
214.4	214.4
214.5	214.5
214.6	214.6
214.7	214.7
214.8	214.8
214.9	214.9
215	215
215.1	215.1
215.2	215.2
215.3	215.3
215.4	215.4
215.5	215.5
215.6	215.6
215.7	215.7
215.8	215.8
215.9	215.9
216	216
216.1	216.1
216.2	216.2
216.3	216.3
216.4	216.4
216.5	216.5
216.6	216.6
216.7	216.7
216.8	216.8
216.9	216.9
217	217
217.1	217.1
217.2	217.2
217.3	217.3
217.4	217.4
217.5	217.5
217.6	217.6
217.7	217.7
217.8	217.8
217.9	217.9
218	218
218.1	218.1
218.2	218.2
218.3	218.3
218.4	218.4
218.5	218.5
218.6	218.6
218.7	218.7
218.8	218.8
218.9	218.9
219	219
219.1	219.1
219.2	219.2
219.3	219.3
219.4	219.4
219.5	219.5
219.6	219.6
219.7	219.7
219.8	219.8
219.9	219.9
220	220
220.1	220.1
220.2	220.2
220.3	220.3
220.4	220.4
220.5	220.5
220.6	220.6
220.7	220.7
220.8	220.8
220.9	220.9
221	221
221.1	221.1
221.2	221.2
221.3	221.3
221.4	221.4
221.5	221.5
221.6	221.6
221.7	221.7
221.8	221.8
221.9	221.9
222	222
222.1	222.1
222.2	222.2
222.3	222.3
222.4	222.4
222.5	222.5
222.6	222.6
222.7	222.7
222.8	222.8
222.9	222.9
223	223
223.1	223.1
223.2	223.2
223.3	223.3
223.4	223.4
223.5	223.5
223.6	223.6
223.7	223.7
223.8	223.8
223.9	223.9
224	224
224.1	224.1
224.2	224.2
224.3	224.3
224.4	224.4
224.5	224.5
224.6	224.6
224.7	224.7
224.8	224.8
224.9	224.9
225	225
225.1	225.1
225.2	225.2
225.3	225.3
225.4	225.4
225.5	225.5
225.6	225.6
225.7	225.7
225.8	225.8
225.9	225.9
226	226
226.1	226.1
226.2	226.2
226.3	226.3
226.4	226.4
226.5	226.5
226.6	226.6
226.7	226.7
226.8	226.8
226.9	226.9
227	227
227.1	227.1
227.2	227.2
227.3	227.3
227.4	227.4
227.5	227.5
227.6	227.6
227.7	227.7
227.8	227.8
227.9	227.9
228	228
228.1	228.1
228.2	228.2
228.3	228.3
228.4	228.4
228.5	228.5
228.6	228.6
228.7	228.7
228.8	228.8
228.9	228.9
229	229
229.1	229.1
229.2	229.2
229.3	229.3
229.4	229.4
229.5	229.5
229.6	229.6
229.7	229.7
229.8	229.8
229.9	229.9
230	230
230.1	230.1
230.2	230.2
230.3	230.3
230.4	230.4
230.5	230.5
230.6	230.6
230.7	230.7
230.8	230.8
230.9	230.9
231	231
231.1	231.1
231.2	231.2
231.3	231.3
231.4	231.4
231.5	231.5
231.6	231.6
231.7	231.7
231.8	231.8
231.9	231.9
232	232
232.1	232.1
232.2	232.2
232.3	232.3
232.4	232.4
232.5	232.5
232.6	232.6
232.7	232.7
232.8	232.8
232.9	232.9
233	233
233.1	233.1
233.2	233.2
233.3	233.3
233.4	233.4
233.5	233.5
233.6	233.6
233.7	233.7
233.8	233.8
233.9	233.9
234	234
234.1	234.1
234.2	234.2
234.3	234.3
234.4	234.4
234.5	234.5
234.6	234.6
234.7	234.7
234.8	234.8
234.9	234.9
235	235
235.1	235.1
235.2	235.2
235.3	235.3
235.4	235.4
235.5	235.5
235.6	235.6
235.7	235.7
235.8	235.8
235.9	235.9
236	236
236.1	236.1
236.2	236.2
236.3	236.3
236.4	236.4
236.5	236.5
236.6	236.6
236.7	236.7
236.8	236.8
236.9	236.9
237	237
237.1	237.1
237.2	237.2
237.3	237.3
237.4	237.4
237.5	237.5
237.6	237.6
237.7	237.7
237.8	237.8
237.9	237.9
238	238
238.1	238.1
238.2	238.2
238.3	238.3
238.4	238.4
238.5	238.5
238.6	238.6
238.7	238.7
238.8	238.8
238.9	238.9
239	239
239.1	239.1
239.2	239.2
239.3	239.3
239.4	239.4
239.5	239.5
239.6	239.6
239.7	239.7
239.8	239.8
239.9	239.9
240	240
240.1	240.1
240.2	240.2
240.3	240.3
240.4	240.4
240.5	240.5
240.6	240.6
240.7	240.7
240.8	240.8
240.9	240.9
241	241
241.1	241.1
241.2	241.2
241.3	241.3
241.4	241.4
241.5	241.5
241.6	241.6
241.7	241.7
241.8	241.8
241.9	241.9
242	242
242.1	242.1
242.2	242.2
242.3	242.3
242.4	242.4
242.5	242.5
242.6	242.6
242.7	242.7
242.8	242.8
242.9	242.9
243	243
243.1	243.1
243.2	243.2
243.3	243.3
243.4	243.4
243.5	243.5
243.6	243.6
243.7	243.7
243.8	243.8
243.9	243.9
244	244
244.1	244.1
244.2	244.2
244.3	244.3
244.4	244.4
244.5	244.5
244.6	244.6
244.7	244.7
244.8	244.8
244.9	244.9
245	245
245.1	245.1
245.2	245.2
245.3	245.3
245.4	245.4
245.5	245.5
245.6	245.6
245.7	245.7
245.8	245.8
245.9	245.9
246	246
246.1	246.1
246.2	246.2
246.3	246.3
246.4	246.4
246.5	246.5
246.6	246.6
246.7	246.7
246.8	246.8
246.9	246.9
247	247
247.1	247.1
247.2	247.2
247.3	247.3
247.4	247.4
247.5	247.5
247.6	247.6
247.7	247.7
247.8	247.8
247.9	247.9
248	248
248.1	248.1
248.2	248.2
248.3	248.3
248.4	248.4
248.5	248.5
248.6	248.6
248.7	248.7
248.8	248.8
248.9	248.9
249	249
249.1	249.1
249.2	249.2
249.3	249.3
249.4	249.4
249.5	249.5
249.6	249.6
249.7	249.7
249.8	249.8
249.9	249.9
250	250
250.1	250.1
250.2	250.2
250.3	250.3
250.4	250.4
250.5	250.5
250.6	250.6
250.7	250.7
250.8	250.8
250.9	250.9
251	251
251.1	251.1
251.2	251.2
251.3	251.3
251.4	251.4
251.5	251.5
251.6	251.6
251.7	251.7
251.8	251.8
251.9	251.9
252	252
252.1	252.1
252.2	252.2
252.3	252.3
252.4	252.4
252.5	252.5
252.6	252.6
252.7	252.7
252.8	252.8
252.9	252.9
253	253
253.1	253.1
253.2	253.2
253.3	253.3
253.4	253.4
253.5	253.5
253.6	253.6
253.7	253.7
253.8	253.8
253.9	253.9
254	254
254.1	254.1
254.2	254.2
254.3	254.3
254.4	254.4
254.5	254.5
254.6	254.6
254.7	254.7
254.8	254.8
254.9	254.9
255	255
255.1	255.1
255.2	255.2
255.3	255.3
255.4	255.4
255.5	255.5
255.6	255.6
255.7	255.7
255.8	255.8
255.9	255.9
256	256
256.1	256.1
256.2	256.2
256.3	256.3
256.4	256.4
256.5	256.5
256.6	256.6
256.7	256.7
256.8	256.8
256.9	256.9
257	257
257.1	257.1
257.2	257.2
257.3	257.3
257.4	257.4
257.5	257.5
257.6	257.6
257.7	257.7
257.8	257.8
257.9	257.9
258	258
258.1	258.1
258.2	258.2
258.3	258.3
258.4	258.4
258.5	258.5
258.6	258.6
258.7	258.7
258.8	258.8
258.9	258.9
259	259
259.1	259.1
259.2	259.2
259.3	259.3
259.4	259.4
259.5	259.5
259.6	259.6
259.7	259.7
259.8	259.8
259.9	259.9
260	260
260.1	260.1
260.2	260.2
260.3	260.3
260.4	260.4
260.5	260.5
260.6	260.6
260.7	260.7
260.8	260.8
260.9	260.9
261	261
261.1	261.1
261.2	261.2
261.3	261.3
261.4	261.4
261.5	261.5
261.6	261.6
261.7	261.7
261.8	261.8
261.9	261.9
262	262
262.1	262.1
262.2	262.2
262.3	262.3
262.4	262.4
262.5	262.5
262.6	262.6
262.7	262.7
262.8	262.8
262.9	262.9
263	263
263.1	263.1
263.2	263.2
263.3	263.3
263.4	263.4
263.5	263.5
263.6	263.6
263.7	263.7
263.8	263.8
263.9	263.9
264	264
264.1	264.1
264.2	264.2
264.3	264.3
264.4	264.4
264.5	264.5
264.6	264.6
264.7	264.7
264.8	264.8
264.9	264.9
265	265
265.1	265.1
265.2	265.2
265.3	265.3
265.4	265.4
265.5	265.5
265.6	265.6
265.7	265.7
265.8	265.8
265.9	265.9
266	266
266.1	266.1
266.2	266.2
266.3	266.3
266.4	266.4
266.5	266.5
266.6	266.6
266.7	266.7
266.8	266.8
266.9	266.9
267	267
267.1	267.1
267.2	267.2
267.3	267.3
267.4	267.4
267.5	267.5
267.6	267.6
267.7	267.7
267.8	267.8
267.9	267.9
268	268
268.1	268.1
268.2	268.2
268.3	268.3
268.4	268.4
268.5	268.5
268.6	268.6
268.7	268.7
268.8	268.8
268.9	268.9
269	269
269.1	269.1
269.2	269.2
269.3	269.3
269.4	269.4
269.5	269.5
269.6	269.6
269.7	269.7
269.8	269.8
269.9	269.9
270	270
270.1	270.1
270.2	270.2
270.3	270.3
270.4	270.4
270.5	270.5
270.6	270.6
270.7	270.7
270.8	270.8
270.9	270.9
271	271
271.1	271.1
271.2	271.2
271.3	271.3
271.4	271.4
271.5	271.5
271.6	271.6
271.7	271.7
271.8	271.8
271.9	271.9
272	272
272.1	272.1
272.2	272.2
272.3	272.3
272.4	272.4
272.5	272.5
272.6	272.6
272.7	272.7
272.8	272.8
272.9	272.9
273	273
273.1	273.1
273.2	273.2
273.3	273.3
273.4	273.4
273.5	273.5
273.6	273.6
273.7	273.7
273.8	273.8
273.9	273.9
274	274
274.1	274.1
274.2	274.2
274.3	274.3
274.4	274.4
274.5	274.5
274.6	274.6
274.7	274.7
274.8	274.8
274.9	274.9
275	275
275.1	275.1
275.2	275.2
275.3	275.3
275.4	275.4
275.5	275.5
275.6	275.6
275.7	275.7
275.8	275.8
275.9	275.9
276	276
276.1	276.1
276.2	276.2
276.3	276.3
276.4	276.4
276.5	276.5
276.6	276.6
276.7	276.7
276.8	276.8
276.9	276.9
277	277
277.1	277.1
277.2	277.2
277.3	277.3
277.4	277.4
277.5	277.5
277.6	277.6
277.7	277.7
277.8	277.8
277.9	277.9
278	278
278.1	278.1
278.2	278.2
278.3	278.3
278.4	278.4
278.5	278.5
278.6	278.6
278.7	278.7
278.8	278.8
278.9	278.9
279	279
279.1	279.1
279.2	279.2
279.3	279.3
279.4	279.4
279.5	279.5
279.6	279.6
279.7	279.7
279.8	279.8
279.9	279.9
280	280
280.1	280.1
280.2	280.2
280.3	280.3
280.4	280.4
280.5	280.5
280.6	280.6
280.7	280.7
280.8	280.8
280.9	280.9
281	281
281.1	281.1
281.2	281.2
281.3	281.3
281.4	281.4
281.5	281.5
281.6	281.6
281.7	281.7
281.8	281.8
281.9	281.9
282	282
282.1	282.1
282.2	282.2
282.3	282.3
282.4	282.4
282.5	282.5
282.6	282.6
282.7	282.7
282.8	282.8
282.9	282.9
283	283
283.1	283.1
283.2	283.2
283.3	283.3
283.4	283.4
283.5	283.5
283.6	283.6
283.7	283.7
283.8	283.8
283.9	283.9
284	284
284.1	284.1
284.2	284.2
284.3	284.3
284.4	284.4
284.5	284.5
284.6	284.6
284.7	284.7
284.8	284.8
284.9	284.9
285	285
285.1	285.1
285.2	285.2
285.3	285.3
285.4	285.4
285.5	285.5
285.6	285.6
285.7	285.7
285.8	285.8
285.9	285.9
286	286
286.1	286.1
286.2	286.2
286.3	286.3
286.4	286.4
286.5	286.5
286.6	286.6
286.7	286.7
286.8	286.8
286.9	286.9
287	287
287.1	287.1
287.2	287.2
287.3	287.3
287.4	287.4
287.5	287.5
287.6	287.6
287.7	287.7
287.8	287.8
287.9	287.9
288	288
288.1	288.1
288.2	288.2
288.3	288.3
288.4	288.4
288.5	288.5
288.6	288.6
288.7	288.7
288.8	288.8
288.9	288.9
289	289
289.1	289.1
289.2	289.2
289.3	289.3
289.4	289.4
289.5	289.5
289.6	289.6
289.7	289.7
289.8	289.8
289.9	289.9
290	290
290.1	290.1
290.2	290.2
290.3	290.3
290.4	290.4
290.5	290.5
290.6	290.6
290.7	290.7
290.8	290.8
290.9	290.9
291	291
291.1	291.1
291.2	291.2
291.3	291.3
291.4	291.4
291.5	291.5
291.6	291.6
291.7	291.7
291.8	291.8
291.9	291.9
292	292
292.1	292.1
292.2	292.2
292.3	292.3
292.4	292.4
292.5	292.5
292.6	292.6
292.7	292.7
292.8	292.8
292.9	292.9
293	293
293.1	293.1
293.2	293.2
293.3	293.3
293.4	293.4
293.5	293.5
293.6	293.6
293.7	293.7
293.8	293.8
293.9	293.9
294	294
294.1	294.1
294.2	294.2
294.3	294.3
294.4	294.4
294.5	294.5
294.6	294.6
294.7	294.7
294.8	294.8
294.9	294.9
295	295
295.1	295.1
295.2	295.2
295.3	295.3
295.4	295.4
295.5	295.5
295.6	295.6
295.7	295.7
295.8	295.8
295.9	295.9
296	296
296.1	296.1
296.2	296.2
296.3	296.3
296.4	296.4
296.5	296.5
296.6	296.6
296.7	296.7
296.8	296.8
296.9	296.9
297	297
297.1	297.1
297.2	297.2
297.3	297.3
297.4	297.4
297.5	297.5
297.6	297.6
297.7	297.7
297.8	297.8
297.9	297.9
298	298
298.1	298.1
298.2	298.2
298.3	298.3
298.4	298.4
298.5	298.5
298.6	298.6
298.7	298.7
298.8	298.8
298.9	298.9
299	299
299.1	299.1
299.2	299.2
299.3	299.3
299.4	299.4
299.5	299.5
299.6	299.6
299.7	299.7
299.8	299.8
299.9	299.9
300	300
300.1	300.1
300.2	300.2
300.3	300.3
300.4	300.4
300.5	300.5
300.6	300.6
300.7	300.7
300.8	300.8
300.9	300.9
301	301
301.1	301.1
301.2	301.2
301.3	301.3
301.4	301.4
301.5	301.5
301.6	301.6
301.7	301.7
301.8	301.8
301.9	301.9
302	302
302.1	302.1
302.2	302.2
302.3	302.3
302.4	302.4
302.5	302.5
302.6	302.6
302.7	302.7
302.8	302.8
302.9	302.9
303	303
303.1	303.1
303.2	303.2
303.3	303.3
303.4	303.4
303.5	303.5
303.6	303.6
303.7	303.7
303.8	303.8
303.9	303.9
304	304
304.1	304.1
304.2	304.2
304.3	304.3
304.4	304.4
304.5	304.5
304.6	304.6
304.7	304.7
304.8	304.8
304.9	304.9
305	305
305.1	305.1
305.2	305.2
305.3	305.3
305.4	305.4
305.5	305.5
305.6	305.6
305.7	305.7
305.8	305.8
305.9	305.9
306	306
306.1	306.1
306.2	306.2
306.3	306.3
306.4	306.4
306.5	306.5
306.6	306.6
306.7	306.7
306.8	306.8
306.9	306.9
307	307
307.1	307.1
307.2	307.2
307.3	307.3
307.4	307.4
307.5	307.5
307.6	307.6
307.7	307.7
307.8	307.8
307.9	307.9
308	308
308.1	308.1
308.2	308.2
308.3	308.3
308.4	308.4
308.5	308.5
308.6	308.6
308.7	308.7
308.8	308.8
308.9	308.9
309	309
309.1	309.1
309.2	309.2
309.3	309.3
309.4	309.4
309.5	309.5
309.6	309.6
309.7	309.7
309.8	309.8
309.9	309.9
310	310
310.1	310.1
310.2	310.2
310.3	310.3
310.4	310.4
310.5	310.5
310.6	310.6
310.7	310.7
310.8	310.8
310.9	310.9
311	311
311.1	311.1
311.2	311.2
311.3	311.3
311.4	311.4
311.5	311.5
311.6	311.6
311.7	311.7
311.8	311.8
311.9	311.9
312	312
312.1	312.1
312.2	312.2
312.3	312.3
312.4	312.4
312.5	312.5
312.6	312.6
312.7	312.7
312.8	312.8
312.9	312.9
313	313
313.1	313.1
313.2	313.2
313.3	313.3
313.4	313.4
313.5	313.5
313.6	313.6
313.7	313.7
313.8	313.8
313.9	313.9
314	314
314.1	314.1
314.2	314.2
314.3	314.3
314.4	314.4
314.5	314.5
314.6	314.6
314.7	314.7
314.8	314.8
314.9	314.9
315	315
315.1	315.1
315.2	315.2
315.3	315.3
315.4	315.4
315.5	315.5
315.6	315.6
315.7	315.7
315.8	315.8
315.9	315.9
316	316
316.1	316.1
316.2	316.2
316.3	316.3
316.4	316.4
316.5	316.5
316.6	316.6
316.7	316.7
316.8	316.8
316.9	316.9
317	317
317.1	317.1
317.2	317.2
317.3	317.3
317.4	317.4
317.5	317.5
317.6	317.6
317.7	317.7
317.8	317.8
317.9	317.9
318	318
318.1	318.1
318.2	318.2
318.3	318.3
318.4	318.4
318.5	318.5
318.6	318.6
318.7	318.7
318.8	318.8
318.9	318.9
319	319
319.1	319.1
319.2	319.2
319.3	319.3
319.4	319.4
319.5	319.5
319.6	319.6
319.7	319.7
319.8	319.8
319.9	319.9
320	320
320.1	320.1
320.2	320.2
320.3	320.3
320.4	320.4
320.5	320.5
320.6	320.6
320.7	320.7
320.8	320.8
320.9	320.9
321	321
321.1	321.1
321.2	321.2
321.3	321.3
321.4	321.4
321.5	321.5
321.6	321.6
321.7	321.7
321.8	321.8
321.9	321.9
322	322
322.1	322.1
322.2	322.2
322.3	322.3
322.4	322.4
322.5	322.5
322.6	322.6
322.7	322.7
322.8	322.8
322.9	322.9
323	323
323.1	323.1
323.2	323.2
323.3	323.3
323.4	323.4
323.5	323.5
323.6	323.6
323.7	323.7
323.8	323.8
323.9	323.9
324	324
324.1	324.1
324.2	324.2
324.3	324.3
324.4	324.4
324.5	324.5
324.6	324.6
324.7	324.7
324.8	324.8
324.9	324.9
325	325
325.1	325.1
325.2	325.2
325.3	325.3
325.4	325.4
325.5	325.5
325.6	325.6
325.7	325.7
325.8	325.8
325.9	325.9
326	326
326.1	326.1
326.2	326.2
326.3	326.3
326.4	326.4
326.5	326.5
326.6	326.6
326.7	326.7
326.8	326.8
326.9	326.9
327	327
327.1	327.1
327.2	327.2
327.3	327.3
327.4	327.4
327.5	327.5
327.6	327.6
327.7	327.7
327.8	327.8
327.9	327.9
328	328
328.1	328.1
328.2	328.2
328.3	328.3
328.4	328.4
328.5	328.5
328.6	328.6
328.7	328.7
328.8	328.8
328.9	328.9
329	329
329.1	329.1
329.2	329.2
329.3	329.3
329.4	329.4
329.5	329.5
329.6	329.6
329.7	329.7
329.8	329.8
329.9	329.9
330	330
330.1	330.1
330.2	330.2
330.3	330.3
330.4	330.4
330.5	330.5
330.6	330.6
330.7	330.7
330.8	330.8
330.9	330.9
331	331
331.1	331.1
331.2	331.2
331.3	331.3
331.4	331.4
331.5	331.5
331.6	331.6
331.7	331.7
331.8	331.8
331.9	331.9
332	332
332.1	332.1
332.2	332.2
332.3	332.3
332.4	332.4
332.5	332.5
332.6	332.6
332.7	332.7
332.8	332.8
332.9	332.9
333	333
333.1	333.1
333.2	333.2
333.3	333.3
333.4	333.4
333.5	333.5
333.6	333.6
333.7	333.7
333.8	333.8
333.9	333.9
334	334
334.1	334.1
334.2	334.2
334.3	334.3
334.4	334.4
334.5	334.5
334.6	334.6
334.7	334.7
334.8	334.8
334.9	334.9
335	335
335.1	335.1
335.2	335.2
335.3	335.3
335.4	335.4
335.5	335.5
335.6	335.6
335.7	335.7
335.8	335.8
335.9	335.9
336	336
336.1	336.1
336.2	336.2
336.3	336.3
336.4	336.4
336.5	336.5
336.6	336.6
336.7	336.7
336.8	336.8
336.9	336.9
337	337
337.1	337.1
337.2	337.2
337.3	337.3
337.4	337.4
337.5	337.5
337.6	337.6
337.7	337.7
337.8	337.8
337.9	337.9
338	338
338.1	338.1
338.2	338.2
338.3	338.3
338.4	338.4
338.5	338.5
338.6	338.6
338.7	338.7
338.8	338.8
338.9	338.9
339	339
339.1	339.1
339.2	339.2
339.3	339.3
339.4	339.4
339.5	339.5
339.6	339.6
339.7	339.7
339.8	339.8
339.9	339.9
340	340
340.1	340.1
340.2	340.2
340.3	340.3
340.4	340.4
340.5	340.5
340.6	340.6
340.7	340.7
340.8	340.8
340.9	340.9
341	341
341.1	341.1
341.2	341.2
341.3	341.3
341.4	341.4
341.5	341.5
341.6	341.6
341.7	341.7
341.8	341.8
341.9	341.9
342	342
342.1	342.1
342.2	342.2
342.3	342.3
342.4	342.4
342.5	342.5
342.6	342.6
342.7	342.7
342.8	342.8
342.9	342.9
343	343
343.1	343.1
343.2	343.2
343.3	343.3
343.4	343.4
343.5	343.5
343.6	343.6
343.7	343.7
343.8	343.8
343.9	343.9
344	344
344.1	344.1
344.2	344.2
344.3	344.3
344.4	344.4
344.5	344.5
344.6	344.6
344.7	344.7
344.8	344.8
344.9	344.9
345	345
345.1	345.1
345.2	345.2
345.3	345.3
345.4	345.4
345.5	345.5
345.6	345.6
345.7	345.7
345.8	345.8
345.9	345.9
346	346
346.1	346.1
346.2	346.2
346.3	346.3
346.4	346.4
346.5	346.5
346.6	346.6
346.7	346.7
346.8	346.8
346.9	346.9
347	347
347.1	347.1
347.2	347.2
347.3	347.3
347.4	347.4
347.5	347.5
347.6	347.6
347.7	347.7
347.8	347.8
347.9	347.9
348	348
348.1	348.1
348.2	348.2
348.3	348.3
348.4	348.4
348.5	348.5
348.6	348.6
348.7	348.7
348.8	348.8
348.9	348.9
349	349
349.1	349.1
349.2	349.2
349.3	349.3
349.4	349.4
349.5	349.5
349.6	349.6
349.7	349.7
349.8	349.8
349.9	349.9
350	350
350.1	350.1
350.2	350.2
350.3	350.3
350.4	350.4
350.5	350.5
350.6	350.6
350.7	350.7
350.8	350.8
350.9	350.9
351	351
351.1	351.1
351.2	351.2
351.3	351.3
351.4	351.4
351.5	351.5
351.6	351.6
351.7	351.7
351.8	351.8
351.9	351.9
352	352
352.1	352.1
352.2	352.2
352.3	352.3
352.4	352.4
352.5	352.5
352.6	352.6
352.7	352.7
352.8	352.8
352.9	352.9
353	353
353.1	353.1
353.2	353.2
353.3	353.3
353.4	353.4
353.5	353.5
353.6	353.6
353.7	353.7
353.8	353.8
353.9	353.9
354	354
354.1	354.1
354.2	354.2
354.3	354.3
354.4	354.4
354.5	354.5
354.6	354.6
354.7	354.7
354.8	354.8
354.9	354.9
355	355
355.1	355.1
355.2	355.2
355.3	355.3
355.4	355.4
355.5	355.5
355.6	355.6
355.7	355.7
355.8	355.8
355.9	355.9
356	356
356.1	356.1
356.2	356.2
356.3	356.3
356.4	356.4
356.5	356.5
356.6	356.6
356.7	356.7
356.8	356.8
356.9	356.9
357	357
357.1	357.1
357.2	357.2
357.3	357.3
357.4	357.4
357.5	357.5
357.6	357.6
357.7	357.7
357.8	357.8
357.9	357.9
358	358
358.1	358.1
358.2	358.2
358.3	358.3
358.4	358.4
358.5	358.5
358.6	358.6
358.7	358.7
358.8	358.8
358.9	358.9
359	359
359.1	359.1
359.2	359.2
359.3	359.3
359.4	359.4
359.5	359.5
359.6	359.6
359.7	359.7
359.8	359.8
359.9	359.9
360	360
360.1	360.1
360.2	360.2
360.3	360.3
360.4	360.4
360.5	360.5
360.6	360.6
360.7	360.7
360.8	360.8
360.9	360.9
361	361
361.1	361.1
361.2	361.2
361.3	361.3
361.4	361.4
361.5	361.5
361.6	361.6
361.7	361.7
361.8	361.8
361.9	361.9
362	362
362.1	362.1
362.2	362.2
362.3	362.3
362.4	362.4
362.5	362.5
362.6	362.6
362.7	362.7
362.8	362.8
362.9	362.9
363	363
363.1	363.1
363.2	363.2
363.3	363.3
363.4	363.4
363.5	363.5
363.6	363.6
363.7	363.7
363.8	363.8
363.9	363.9
364	364
364.1	364.1
364.2	364.2
364.3	364.3
364.4	364.4
364.5	364.5
364.6	364.6
364.7	364.7
364.8	364.8
364.9	364.9
365	365
365.1	365.1
365.2	365.2
365.3	365.3
365.4	365.4
365.5	365.5
365.6	365.6
365.7	365.7
365.8	365.8
365.9	365.9
366	366
366.1	366.1
366.2	366.2
366.3	366.3
366.4	366.4
366.5	366.5
366.6	366.6
366.7	366.7
366.8	366.8
366.9	366.9
367	367
367.1	367.1
367.2	367.2
367.3	367.3
367.4	367.4
367.5	367.5
367.6	367.6
367.7	367.7
367.8	367.8
367.9	367.9
368	368
368.1	368.1
368.2	368.2
368.3	368.3
368.4	368.4
368.5	368.5
368.6	368.6
368.7	368.7
368.8	368.8
368.9	368.9
369	369
369.1	369.1
369.2	369.2
369.3	369.3
369.4	369.4
369.5	369.5
369.6	369.6
369.7	369.7
369.8	369.8
369.9	369.9
370	370
370.1	370.1
370.2	370.2
370.3	370.3
370.4	370.4
370.5	370.5
370.6	370.6
370.7	370.7
370.8	370.8
370.9	370.9
371	371
371.1	371.1
371.2	371.2
371.3	371.3
371.4	371.4
371.5	371.5
371.6	371.6
371.7	371.7
371.8	371.8
371.9	371.9
372	372
372.1	372.1
372.2	372.2
372.3	372.3
372.4	372.4
372.5	372.5
372.6	372.6
372.7	372.7
372.8	372.8
372.9	372.9
373	373
373.1	373.1
373.2	373.2
373.3	373.3
373.4	373.4
373.5	373.5
373.6	373.6
373.7	373.7
373.8	373.8
373.9	373.9
374	374
374.1	374.1
374.2	374.2
374.3	374.3
374.4	374.4
374.5	374.5
374.6	374.6
374.7	374.7
374.8	374.8
374.9	374.9
375	375
375.1	375.1
375.2	375.2
375.3	375.3
375.4	375.4
375.5	375.5
375.6	375.6
375.7	375.7
375.8	375.8
375.9	375.9
376	376
376.1	376.1
376.2	376.2
376.3	376.3
376.4	376.4
376.5	376.5
376.6	376.6
376.7	376.7
376.8	376.8
376.9	376.9
377	377
377.1	377.1
377.2	377.2
377.3	377.3
377.4	377.4
377.5	377.5
377.6	377.6
377.7	377.7
377.8	377.8
377.9	377.9
378	378
378.1	378.1
378.2	378.2
378.3	378.3
378.4	378.4
378.5	378.5
378.6	378.6
378.7	378.7
378.8	378.8
378.9	378.9
379	379
379.1	379.1
379.2	379.2
379.3	379.3
379.4	379.4
379.5	379.5
379.6	379.6
379.7	379.7
379.8	379.8
379.9	379.9
380	380
380.1	380.1
380.2	380.2
380.3	380.3
380.4	380.4
380.5	380.5
380.6	380.6
380.7	380.7
380.8	380.8
380.9	380.9
381	381
381.1	381.1
381.2	381.2
381.3	381.3
381.4	381.4
381.5	381.5
381.6	381.6
381.7	381.7
381.8	381.8
381.9	381.9
382	382
382.1	382.1
382.2	382.2
382.3	382.3
382.4	382.4
382.5	382.5
382.6	382.6
382.7	382.7
382.8	382.8
382.9	382.9
383	383
383.1	383.1
383.2	383.2
383.3	383.3
383.4	383.4
383.5	383.5
383.6	383.6
383.7	383.7
383.8	383.8
383.9	383.9
384	384
384.1	384.1
384.2	384.2
384.3	384.3
384.4	384.4
384.5	384.5
384.6	384.6
384.7	384.7
384.8	384.8
384.9	384.9
385	385
385.1	385.1
385.2	385.2
385.3	385.3
385.4	385.4
385.5	385.5
385.6	385.6
385.7	385.7
385.8	385.8
385.9	385.9
386	386
386.1	386.1
386.2	386.2
386.3	386.3
386.4	386.4
386.5	386.5
386.6	386.6
386.7	386.7
386.8	386.8
386.9	386.9
387	387
387.1	387.1
387.2	387.2
387.3	387.3
387.4	387.4
387.5	387.5
387.6	387.6
387.7	387.7
387.8	387.8
387.9	387.9
388	388
388.1	388.1
388.2	388.2
388.3	388.3
388.4	388.4
388.5	388.5
388.6	388.6
388.7	388.7
388.8	388.8
388.9	388.9
389	389
389.1	389.1
389.2	389.2
389.3	389.3
389.4	389.4
389.5	389.5
389.6	389.6
389.7	389.7
389.8	389.8
389.9	389.9
390	390
390.1	390.1
390.2	390.2
390.3	390.3
390.4	390.4
390.5	390.5
390.6	390.6
390.7	390.7
390.8	390.8
390.9	390.9
391	391
391.1	391.1
391.2	391.2
391.3	391.3
391.4	391.4
391.5	391.5
391.6	391.6
391.7	391.7
391.8	391.8
391.9	391.9
392	392
392.1	392.1
392.2	392.2
392.3	392.3
392.4	392.4
392.5	392.5
392.6	392.6
392.7	392.7
392.8	392.8
392.9	392.9
393	393
393.1	393.1
393.2	393.2
393.3	393.3
393.4	393.4
393.5	393.5
393.6	393.6
393.7	393.7
393.8	393.8
393.9	393.9
394	394
394.1	394.1
394.2	394.2
394.3	394.3
394.4	394.4
394.5	394.5
394.6	394.6
394.7	394.7
394.8	394.8
394.9	394.9
395	395
395.1	395.1
395.2	395.2
395.3	395.3
395.4	395.4
395.5	395.5
395.6	395.6
395.7	395.7
395.8	395.8
395.9	395.9
396	396
396.1	396.1
396.2	396.2
396.3	396.3
396.4	396.4
396.5	396.5
396.6	396.6
396.7	396.7
396.8	396.8
396.9	396.9
397	397
397.1	397.1
397.2	397.2
397.3	397.3
397.4	397.4
397.5	397.5
397.6	397.6
397.7	397.7
397.8	397.8
397.9	397.9
398	398
398.1	398.1
398.2	398.2
398.3	398.3
398.4	398.4
398.5	398.5
398.6	398.6
398.7	398.7
398.8	398.8
398.9	398.9
399	399
399.1	399.1
399.2	399.2
399.3	399.3
399.4	399.4
399.5	399.5
399.6	399.6
399.7	399.7
399.8	399.8
399.9	399.9
400	400
400.1	400.1
400.2	400.2
400.3	400.3
400.4	400.4
400.5	400.5
400.6	400.6
400.7	400.7
400.8	400.8
400.9	400.9
401	401
401.1	401.1
401.2	401.2
401.3	401.3
401.4	401.4
401.5	401.5
401.6	401.6
401.7	401.7
401.8	401.8
401.9	401.9
402	402
402.1	402.1
402.2	402.2
402.3	402.3
402.4	402.4
402.5	402.5
402.6	402.6
402.7	402.7
402.8	402.8
402.9	402.9
403	403
403.1	403.1
403.2	403.2
403.3	403.3
403.4	403.4
403.5	403.5
403.6	403.6
403.7	403.7
403.8	403.8
403.9	403.9
404	404
404.1	404.1
404.2	404.2
404.3	404.3
404.4	404.4
404.5	404.5
404.6	404.6
404.7	404.7
404.8	404.8
404.9	404.9
405	405
405.1	405.1
405.2	405.2
405.3	405.3
405.4	405.4
405.5	405.5
405.6	405.6
405.7	405.7
405.8	405.8
405.9	405.9
406	406
406.1	406.1
406.2	406.2
406.3	406.3
406.4	406.4
406.5	406.5
406.6	406.6
406.7	406.7
406.8	406.8
406.9	406.9
407	407
407.1	407.1
407.2	407.2
407.3	407.3
407.4	407.4
407.5	407.5
407.6	407.6
407.7	407.7
407.8	407.8
407.9	407.9
408	408
408.1	408.1
408.2	408.2
408.3	408.3
408.4	408.4
408.5	408.5
408.6	408.6
408.7	408.7
408.8	408.8
408.9	408.9
409	409
409.1	409.1
409.2	409.2
409.3	409.3
409.4	409.4
409.5	409.5
409.6	409.6
409.7	409.7
409.8	409.8
409.9	409.9
410	410
410.1	410.1
410.2	410.2
410.3	410.3
410.4	410.4
410.5	410.5
410.6	410.6
410.7	410.7
410.8	410.8
410.9	410.9
411	411
411.1	411.1
411.2	411.2
411.3	411.3
411.4	411.4
411.5	411.5
411.6	411.6
411.7	411.7
411.8	411.8
411.9	411.9
412	412
412.1	412.1
412.2	412.2
412.3	412.3
412.4	412.4
412.5	412.5
412.6	412.6
412.7	412.7
412.8	412.8
412.9	412.9
413	413
413.1	413.1
413.2	413.2
413.3	413.3
413.4	413.4
413.5	413.5
413.6	413.6
413.7	413.7
413.8	413.8
413.9	413.9
414	414
414.1	414.1
414.2	414.2
414.3	414.3
414.4	414.4
414.5	414.5
414.6	414.6
414.7	414.7
414.8	414.8
414.9	414.9
415	415
415.1	415.1
415.2	415.2
415.3	415.3
415.4	415.4
415.5	415.5
415.6	415.6
415.7	415.7
415.8	415.8
415.9	415.9
416	416
416.1	416.1
416.2	416.2
416.3	416.3
416.4	416.4
416.5	416.5
416.6	416.6
416.7	416.7
416.8	416.8
416.9	416.9
417	417
417.1	417.1
417.2	417.2
417.3	417.3
417.4	417.4
417.5	417.5
417.6	417.6
417.7	417.7
417.8	417.8
417.9	417.9
418	418
418.1	418.1
418.2	418.2
418.3	418.3
418.4	418.4
418.5	418.5
418.6	418.6
418.7	418.7
418.8	418.8
418.9	418.9
419	419
419.1	419.1
419.2	419.2
419.3	419.3
419.4	419.4
419.5	419.5
419.6	419.6
419.7	419.7
419.8	419.8
419.9	419.9
420	420
420.1	420.1
420.2	420.2
420.3	420.3
420.4	420.4
420.5	420.5
420.6	420.6
420.7	420.7
420.8	420.8
420.9	420.9
421	421
421.1	421.1
421.2	421.2
421.3	421.3
421.4	421.4
421.5	421.5
421.6	421.6
421.7	421.7
421.8	421.8
421.9	421.9
422	422
422.1	422.1
422.2	422.2
422.3	422.3
422.4	422.4
422.5	422.5
422.6	422.6
422.7	422.7
422.8	422.8
422.9	422.9
423	423
423.1	423.1
423.2	423.2
423.3	423.3
423.4	423.4
423.5	423.5
423.6	423.6
423.7	423.7
423.8	423.8
423.9	423.9
424	424
424.1	424.1
424.2	424.2
424.3	424.3
424.4	424.4
424.5	424.5
424.6	424.6
424.7	424.7
424.8	424.8
424.9	424.9
425	425
425.1	425.1
425.2	425.2
425.3	425.3
425.4	425.4
425.5	425.5
425.6	425.6
425.7	425.7
425.8	425.8
425.9	425.9
426	426
426.1	426.1
426.2	426.2
426.3	426.3
426.4	426.4
426.5	426.5
426.6	426.6
426.7	426.7
426.8	426.8
426.9	426.9
427	427
427.1	427.1
427.2	427.2
427.3	427.3
427.4	427.4
427.5	427.5
427.6	427.6
427.7	427.7
427.8	427.8
427.9	427.9
428	428
428.1	428.1
428.2	428.2
428.3	428.3
428.4	428.4
428.5	428.5
428.6	428.6
428.7	428.7
428.8	428.8
428.9	428.9
429	429
429.1	429.1
429.2	429.2
429.3	429.3
429.4	429.4
429.5	429.5
429.6	429.6
429.7	429.7
429.8	429.8
429.9	429.9
430	430
430.1	430.1
430.2	430.2
430.3	430.3
430.4	430.4
430.5	430.5
430.6	430.6
430.7	430.7
430.8	430.8
430.9	430.9
431	431
431.1	431.1
431.2	431.2
431.3	431.3
431.4	431.4
431.5	431.5
431.6	431.6
431.7	431.7
431.8	431.8
431.9	431.9
432	432
432.1	432.1
432.2	432.2
432.3	432.3
432.4	432.4
432.5	432.5
432.6	432.6
432.7	432.7
432.8	432.8
432.9	432.9
433	433
433.1	433.1
433.2	433.2
433.3	433.3
433.4	433.4
433.5	433.5
433.6	433.6
433.7	433.7
433.8	433.8
433.9	433.9
434	434
434.1	434.1
434.2	434.2
434.3	434.3
434.4	434.4
434.5	434.5
434.6	434.6
434.7	434.7
434.8	434.8
434.9	434.9
435	435
435.1	435.1
435.2	435.2
435.3	435.3
435.4	435.4
435.5	435.5
435.6	435.6
435.7	435.7
435.8	435.8
435.9	435.9
436	436
436.1	436.1
436.2	436.2
436.3	436.3
436.4	436.4
436.5	436.5
436.6	436.6
436.7	436.7
436.8	436.8
436.9	436.9
437	437
437.1	437.1
437.2	437.2
437.3	437.3
437.4	437.4
437.5	437.5
437.6	437.6
437.7	437.7
437.8	437.8
437.9	437.9
438	438
438.1	438.1
438.2	438.2
438.3	438.3
438.4	438.4
438.5	438.5
438.6	438.6
438.7	438.7
438.8	438.8
438.9	438.9
439	439
439.1	439.1
439.2	439.2
439.3	439.3
439.4	439.4
439.5	439.5
439.6	439.6
439.7	439.7
439.8	439.8
439.9	439.9
440	440
440.1	440.1
440.2	440.2
440.3	440.3
440.4	440.4
440.5	440.5
440.6	440.6
440.7	440.7
440.8	440.8
440.9	440.9
441	441
441.1	441.1
441.2	441.2
441.3	441.3
441.4	441.4
441.5	441.5
441.6	441.6
441.7	441.7
441.8	441.8
441.9	441.9
442	442
442.1	442.1
442.2	442.2
442.3	442.3
442.4	442.4
442.5	442.5
442.6	442.6
442.7	442.7
442.8	442.8
442.9	442.9
443	443
443.1	443.1
443.2	443.2
443.3	443.3
443.4	443.4
443.5	443.5
443.6	443.6
443.7	443.7
443.8	443.8
443.9	443.9
444	444
444.1	444.1
444.2	444.2
444.3	444.3
444.4	444.4
444.5	444.5
444.6	444.6
444.7	444.7
444.8	444.8
444.9	444.9
445	445
445.1	445.1
445.2	445.2
445.3	445.3
445.4	445.4
445.5	445.5
445.6	445.6
445.7	445.7
445.8	445.8
445.9	445.9
446	446
446.1	446.1
446.2	446.2
446.3	446.3
446.4	446.4
446.5	446.5
446.6	446.6
446.7	446.7
446.8	446.8
446.9	446.9
447	447
447.1	447.1
447.2	447.2
447.3	447.3
447.4	447.4
447.5	447.5
447.6	447.6
447.7	447.7
447.8	447.8
447.9	447.9
448	448
448.1	448.1
448.2	448.2
448.3	448.3
448.4	448.4
448.5	448.5
448.6	448.6
448.7	448.7
448.8	448.8
448.9	448.9
449	449
449.1	449.1
449.2	449.2
449.3	449.3
449.4	449.4
449.5	449.5
449.6	449.6
449.7	449.7
449.8	449.8
449.9	449.9
450	450
450.1	450.1
450.2	450.2
450.3	450.3
450.4	450.4
450.5	450.5
450.6	450.6
450.7	450.7
450.8	450.8
450.9	450.9
451	451
451.1	451.1
451.2	451.2
451.3	451.3
451.4	451.4
451.5	451.5
451.6	451.6
451.7	451.7
451.8	451.8
451.9	451.9
452	452
452.1	452.1
452.2	452.2
452.3	452.3
452.4	452.4
452.5	452.5
452.6	452.6
452.7	452.7
452.8	452.8
452.9	452.9
453	453
453.1	453.1
453.2	453.2
453.3	453.3
453.4	453.4
453.5	453.5
453.6	453.6
453.7	453.7
453.8	453.8
453.9	453.9
454	454
454.1	454.1
454.2	454.2
454.3	454.3
454.4	454.4
454.5	454.5
454.6	454.6
454.7	454.7
454.8	454.8
454.9	454.9
455	455
455.1	455.1
455.2	455.2
455.3	455.3
455.4	455.4
455.5	455.5
455.6	455.6
455.7	455.7
455.8	455.8
455.9	455.9
456	456
456.1	456.1
456.2	456.2
456.3	456.3
456.4	456.4
456.5	456.5
456.6	456.6
456.7	456.7
456.8	456.8
456.9	456.9
457	457
457.1	457.1
457.2	457.2
457.3	457.3
457.4	457.4
457.5	457.5
457.6	457.6
457.7	457.7
457.8	457.8
457.9	457.9
458	458
458.1	458.1
458.2	458.2
458.3	458.3
458.4	458.4
458.5	458.5
458.6	458.6
458.7	458.7
458.8	458.8
458.9	458.9
459	459
459.1	459.1
459.2	459.2
459.3	459.3
459.4	459.4
459.5	459.5
459.6	459.6
459.7	459.7
459.8	459.8
459.9	459.9
460	460
460.1	460.1
460.2	460.2
460.3	460.3
460.4	460.4
460.5	460.5
460.6	460.6
460.7	460.7
460.8	460.8
460.9	460.9
461	461
461.1	461.1
461.2	461.2
461.3	461.3
461.4	461.4
461.5	461.5
461.6	461.6
461.7	461.7
461.8	461.8
461.9	461.9
462	462
462.1	462.1
462.2	462.2
462.3	462.3
462.4	462.4
462.5	462.5
462.6	462.6
462.7	462.7
462.8	462.8
462.9	462.9
463	463
463.1	463.1
463.2	463.2
463.3	463.3
463.4	463.4
463.5	463.5
463.6	463.6
463.7	463.7
463.8	463.8
463.9	463.9
464	464
464.1	464.1
464.2	464.2
464.3	464.3
464.4	464.4
464.5	464.5
464.6	464.6
464.7	464.7
464.8	464.8
464.9	464.9
465	465
465.1	465.1
465.2	465.2
465.3	465.3
465.4	465.4
465.5	465.5
465.6	465.6
465.7	465.7
465.8	465.8
465.9	465.9
466	466
466.1	466.1
466.2	466.2
466.3	466.3
466.4	466.4
466.5	466.5
466.6	466.6
466.7	466.7
466.8	466.8
466.9	466.9
467	467
467.1	467.1
467.2	467.2
467.3	467.3
467.4	467.4
467.5	467.5
467.6	467.6
467.7	467.7
467.8	467.8
467.9	467.9
468	468
468.1	468.1
468.2	468.2
468.3	468.3
468.4	468.4
468.5	468.5
468.6	468.6
468.7	468.7
468.8	468.8
468.9	468.9
469	469
469.1	469.1
469.2	469.2
469.3	469.3
469.4	469.4
469.5	469.5
469.6	469.6
469.7	469.7
469.8	469.8
469.9	469.9
470	470
470.1	470.1
470.2	470.2
470.3	470.3
470.4	470.4
470.5	470.5
470.6	470.6
470.7	470.7
470.8	470.8
470.9	470.9
471	471
471.1	471.1
471.2	471.2
471.3	471.3
471.4	471.4
471.5	471.5
471.6	471.6
471.7	471.7
471.8	471.8
471.9	471.9
472	472
472.1	472.1
472.2	472.2
472.3	472.3
472.4	472.4
472.5	472.5
472.6	472.6
472.7	472.7
472.8	472.8
472.9	472.9
473	473
473.1	473.1
473.2	473.2
473.3	473.3
473.4	473.4
473.5	473.5
473.6	473.6
473.7	473.7
473.8	473.8
473.9	473.9
474	474
474.1	474.1
474.2	474.2
474.3	474.3
474.4	474.4
474.5	474.5
474.6	474.6
474.7	474.7
474.8	474.8
474.9	474.9
475	475
475.1	475.1
475.2	475.2
475.3	475.3
475.4	475.4
475.5	475.5
475.6	475.6
475.7	475.7
475.8	475.8
475.9	475.9
476	476
476.1	476.1
476.2	476.2
476.3	476.3
476.4	476.4
476.5	476.5
476.6	476.6
476.7	476.7
476.8	476.8
476.9	476.9
477	477
477.1	477.1
477.2	477.2
477.3	477.3
477.4	477.4
477.5	477.5
477.6	477.6
477.7	477.7
477.8	477.8
477.9	477.9
478	478
478.1	478.1
478.2	478.2
478.3	478.3
478.4	478.4
478.5	478.5
478.6	478.6
478.7	478.7
478.8	478.8
478.9	478.9
479	479
479.1	479.1
479.2	479.2
479.3	479.3
479.4	479.4
479.5	479.5
479.6	479.6
479.7	479.7
479.8	479.8
479.9	479.9
480	480
480.1	480.1
480.2	480.2
480.3	480.3
480.4	480.4
480.5	480.5
480.6	480.6
480.7	480.7
480.8	480.8
480.9	480.9
481	481
481.1	481.1
481.2	481.2
481.3	481.3
481.4	481.4
481.5	481.5
481.6	481.6
481.7	481.7
481.8	481.8
481.9	481.9
482	482
482.1	482.1
482.2	482.2
482.3	482.3
482.4	482.4
482.5	482.5
482.6	482.6
482.7	482.7
482.8	482.8
482.9	482.9
483	483
483.1	483.1
483.2	483.2
483.3	483.3
483.4	483.4
483.5	483.5
483.6	483.6
483.7	483.7
483.8	483.8
483.9	483.9
484	484
484.1	484.1
484.2	484.2
484.3	484.3
484.4	484.4
484.5	484.5
484.6	484.6
484.7	484.7
484.8	484.8
484.9	484.9
485	485
485.1	485.1
485.2	485.2
485.3	485.3
485.4	485.4
485.5	485.5
485.6	485.6
485.7	485.7
485.8	485.8
485.9	485.9
486	486
486.1	486.1
486.2	486.2
486.3	486.3
486.4	486.4
486.5	486.5
486.6	486.6
486.7	486.7
486.8	486.8
486.9	486.9
487	487
487.1	487.1
487.2	487.2
487.3	487.3
487.4	487.4
487.5	487.5
487.6	487.6
487.7	487.7
487.8	487.8
487.9	487.9
488	488
488.1	488.1
488.2	488.2
488.3	488.3
488.4	488.4
488.5	488.5
488.6	488.6
488.7	488.7
488.8	488.8
488.9	488.9
489	489
489.1	489.1
489.2	489.2
489.3	489.3
489.4	489.4
489.5	489.5
489.6	489.6
489.7	489.7
489.8	489.8
489.9	489.9
490	490
490.1	490.1
490.2	490.2
490.3	490.3
490.4	490.4
490.5	490.5
490.6	490.6
490.7	490.7
490.8	490.8
490.9	490.9
491	491
491.1	491.1
491.2	491.2
491.3	491.3
491.4	491.4
491.5	491.5
491.6	491.6
491.7	491.7
491.8	491.8
491.9	491.9
492	492
492.1	492.1
492.2	492.2
492.3	492.3
492.4	492.4
492.5	492.5
492.6	492.6
492.7	492.7
492.8	492.8
492.9	492.9
493	493
493.1	493.1
493.2	493.2
493.3	493.3
493.4	493.4
493.5	493.5
493.6	493.6
493.7	493.7
493.8	493.8
493.9	493.9
494	494
494.1	494.1
494.2	494.2
494.3	494.3
494.4	494.4
494.5	494.5
494.6	494.6
494.7	494.7
494.8	494.8
494.9	494.9
495	495
495.1	495.1
495.2	495.2
495.3	495.3
495.4	495.4
495.5	495.5
495.6	495.6
495.7	495.7
495.8	495.8
495.9	495.9
496	496
496.1	496.1
496.2	496.2
496.3	496.3
496.4	496.4
496.5	496.5
496.6	496.6
496.7	496.7
496.8	496.8
496.9	496.9
497	497
497.1	497.1
497.2	497.2
497.3	497.3
497.4	497.4
497.5	497.5
497.6	497.6
497.7	497.7
497.8	497.8
497.9	497.9
498	498
498.1	498.1
498.2	498.2
498.3	498.3
498.4	498.4
498.5	498.5
498.6	498.6
498.7	498.7
498.8	498.8
498.9	498.9
499	499
499.1	499.1
499.2	499.2
499.3	499.3
499.4	499.4
499.5	499.5
499.6	499.6
499.7	499.7
499.8	499.8
499.9	499.9
500	500
500.1	500.1
500.2	500.2
500.3	500.3
500.4	500.4
500.5	500.5
500.6	500.6
500.7	500.7
500.8	500.8
500.9	500.9
501	501
501.1	501.1
501.2	501.2
501.3	501.3
501.4	501.4
501.5	501.5
501.6	501.6
501.7	501.7
501.8	501.8
501.9	501.9
502	502
502.1	502.1
502.2	502.2
502.3	502.3
502.4	502.4
502.5	502.5
502.6	502.6
502.7	502.7
502.8	502.8
502.9	502.9
503	503
503.1	503.1
503.2	503.2
503.3	503.3
503.4	503.4
503.5	503.5
503.6	503.6
503.7	503.7
503.8	503.8
503.9	503.9
504	504
504.1	504.1
504.2	504.2
504.3	504.3
504.4	504.4
504.5	504.5
504.6	504.6
504.7	504.7
504.8	504.8
504.9	504.9
505	505
505.1	505.1
505.2	505.2
505.3	505.3
505.4	505.4
505.5	505.5
505.6	505.6
505.7	505.7
505.8	505.8
505.9	505.9
506	506
506.1	506.1
506.2	506.2
506.3	506.3
506.4	506.4
506.5	506.5
506.6	506.6
506.7	506.7
506.8	506.8
506.9	506.9
507	507
507.1	507.1
507.2	507.2
507.3	507.3
507.4	507.4
507.5	507.5
507.6	507.6
507.7	507.7
507.8	507.8
507.9	507.9
508	508
508.1	508.1
508.2	508.2
508.3	508.3
508.4	508.4
508.5	508.5
508.6	508.6
508.7	508.7
508.8	508.8
508.9	508.9
509	509
509.1	509.1
509.2	509.2
509.3	509.3
509.4	509.4
509.5	509.5
509.6	509.6
509.7	509.7
509.8	509.8
509.9	509.9
510	510
510.1	510.1
510.2	510.2
510.3	510.3
510.4	510.4
510.5	510.5
510.6	510.6
510.7	510.7
510.8	510.8
510.9	510.9
511	511
511.1	511.1
511.2	511.2
511.3	511.3
511.4	511.4
511.5	511.5
511.6	511.6
511.7	511.7
511.8	511.8
511.9	511.9
512	512
512.1	512.1
512.2	512.2
512.3	512.3
512.4	512.4
512.5	512.5
512.6	512.6
512.7	512.7
512.8	512.8
512.9	512.9
513	513
513.1	513.1
513.2	513.2
513.3	513.3
513.4	513.4
513.5	513.5
513.6	513.6
513.7	513.7
513.8	513.8
513.9	513.9
514	514
514.1	514.1
514.2	514.2
514.3	514.3
514.4	514.4
514.5	514.5
514.6	514.6
514.7	514.7
514.8	514.8
514.9	514.9
515	515
515.1	515.1
515.2	515.2
515.3	515.3
515.4	515.4
515.5	515.5
515.6	515.6
515.7	515.7
515.8	515.8
515.9	515.9
516	516
516.1	516.1
516.2	516.2
516.3	516.3
516.4	516.4
516.5	516.5
516.6	516.6
516.7	516.7
516.8	516.8
516.9	516.9
517	517
517.1	517.1
517.2	517.2
517.3	517.3
517.4	517.4
517.5	517.5
517.6	517.6
517.7	517.7
517.8	517.8
517.9	517.9
518	518
518.1	518.1
518.2	518.2
518.3	518.3
518.4	518.4
518.5	518.5
518.6	518.6
518.7	518.7
518.8	518.8
518.9	518.9
519	519
519.1	519.1
519.2	519.2
519.3	519.3
519.4	519.4
519.5	519.5
519.6	519.6
519.7	519.7
519.8	519.8
519.9	519.9
520	520
520.1	520.1
520.2	520.2
520.3	520.3
520.4	520.4
520.5	520.5
520.6	520.6
520.7	520.7
520.8	520.8
520.9	520.9
521	521
521.1	521.1
521.2	521.2
521.3	521.3
521.4	521.4
521.5	521.5
521.6	521.6
521.7	521.7
521.8	521.8
521.9	521.9
522	522
522.1	522.1
522.2	522.2
522.3	522.3
522.4	522.4
522.5	522.5
522.6	522.6
522.7	522.7
522.8	522.8
522.9	522.9
523	523
523.1	523.1
523.2	523.2
523.3	523.3
523.4	523.4
523.5	523.5
523.6	523.6
523.7	523.7
523.8	523.8
523.9	523.9
524	524
524.1	524.1
524.2	524.2
524.3	524.3
524.4	524.4
524.5	524.5
524.6	524.6
524.7	524.7
524.8	524.8
524.9	524.9
525	525
525.1	525.1
525.2	525.2
525.3	525.3
525.4	525.4
525.5	525.5
525.6	525.6
525.7	525.7
525.8	525.8
525.9	525.9
526	526
526.1	526.1
526.2	526.2
526.3	526.3
526.4	526.4
526.5	526.5
526.6	526.6
526.7	526.7
526.8	526.8
526.9	526.9
527	527
527.1	527.1
527.2	527.2
527.3	527.3
527.4	527.4
527.5	527.5
527.6	527.6
527.7	527.7
527.8	527.8
527.9	527.9
528	528
528.1	528.1
528.2	528.2
528.3	528.3
528.4	528.4
528.5	528.5
528.6	528.6
528.7	528.7
528.8	528.8
528.9	528.9
529	529
529.1	529.1
529.2	529.2
529.3	529.3
529.4	529.4
529.5	529.5
529.6	529.6
529.7	529.7
529.8	529.8
529.9	529.9
530	530
530.1	530.1
530.2	530.2
530.3	530.3
530.4	530.4
530.5	530.5
530.6	530.6
530.7	530.7
530.8	530.8
530.9	530.9
531	531
531.1	531.1
531.2	531.2
531.3	531.3
531.4	531.4
531.5	531.5
531.6	531.6
531.7	531.7
531.8	531.8
531.9	531.9
532	532
532.1	532.1
532.2	532.2
532.3	532.3
532.4	532.4
532.5	532.5
532.6	532.6
532.7	532.7
532.8	532.8
532.9	532.9
533	533
533.1	533.1
533.2	533.2
533.3	533.3
533.4	533.4
533.5	533.5
533.6	533.6
533.7	533.7
533.8	533.8
533.9	533.9
534	534
534.1	534.1
534.2	534.2
534.3	534.3
534.4	534.4
534.5	534.5
534.6	534.6
534.7	534.7
534.8	534.8
534.9	534.9
535	535
535.1	535.1
535.2	535.2
535.3	535.3
535.4	535.4
535.5	535.5
535.6	535.6
535.7	535.7
535.8	535.8
535.9	535.9
536	536
536.1	536.1
536.2	536.2
536.3	536.3
536.4	536.4
536.5	536.5
536.6	536.6
536.7	536.7
536.8	536.8
536.9	536.9
537	537
537.1	537.1
537.2	537.2
537.3	537.3
537.4	537.4
537.5	537.5
537.6	537.6
537.7	537.7
537.8	537.8
537.9	537.9
538	538
538.1	538.1
538.2	538.2
538.3	538.3
538.4	538.4
538.5	538.5
538.6	538.6
538.7	538.7
538.8	538.8
538.9	538.9
539	539
539.1	539.1
539.2	539.2
539.3	539.3
539.4	539.4
539.5	539.5
539.6	539.6
539.7	539.7
539.8	539.8
539.9	539.9
540	540
540.1	540.1
540.2	540.2
540.3	540.3
540.4	540.4
540.5	540.5
540.6	540.6
540.7	540.7
540.8	540.8
540.9	540.9
541	541
541.1	541.1
541.2	541.2
541.3	541.3
541.4	541.4
541.5	541.5
541.6	541.6
541.7	541.7
541.8	541.8
541.9	541.9
542	542
542.1	542.1
542.2	542.2
542.3	542.3
542.4	542.4
542.5	542.5
542.6	542.6
542.7	542.7
542.8	542.8
542.9	542.9
543	543
543.1	543.1
543.2	543.2
543.3	543.3
543.4	543.4
543.5	543.5
543.6	543.6
543.7	543.7
543.8	543.8
543.9	543.9
544	544
544.1	544.1
544.2	544.2
544.3	544.3
544.4	544.4
544.5	544.5
544.6	544.6
544.7	544.7
544.8	544.8
544.9	544.9
545	545
545.1	545.1
545.2	545.2
545.3	545.3
545.4	545.4
545.5	545.5
545.6	545.6
545.7	545.7
545.8	545.8
545.9	545.9
546	546
546.1	546.1
546.2	546.2
546.3	546.3
546.4	546.4
546.5	546.5
546.6	546.6
546.7	546.7
546.8	546.8
546.9	546.9
547	547
547.1	547.1
547.2	547.2
547.3	547.3
547.4	547.4
547.5	547.5
547.6	547.6
547.7	547.7
547.8	547.8
547.9	547.9
548	548
548.1	548.1
548.2	548.2
548.3	548.3
548.4	548.4
548.5	548.5
548.6	548.6
548.7	548.7
548.8	548.8
548.9	548.9
549	549
549.1	549.1
549.2	549.2
549.3	549.3
549.4	549.4
549.5	549.5
549.6	549.6
549.7	549.7
549.8	549.8
549.9	549.9
550	550
550.1	550.1
550.2	550.2
550.3	550.3
550.4	550.4
550.5	550.5
550.6	550.6
550.7	550.7
550.8	550.8
550.9	550.9
551	551
551.1	551.1
551.2	551.2
551.3	551.3
551.4	551.4
551.5	551.5
551.6	551.6
551.7	551.7
551.8	551.8
551.9	551.9
552	552
552.1	552.1
552.2	552.2
552.3	552.3
552.4	552.4
552.5	552.5
552.6	552.6
552.7	552.7
552.8	552.8
552.9	552.9
553	553
553.1	553.1
553.2	553.2
553.3	553.3
553.4	553.4
553.5	553.5
553.6	553.6
553.7	553.7
553.8	553.8
553.9	553.9
554	554
554.1	554.1
554.2	554.2
554.3	554.3
554.4	554.4
554.5	554.5
554.6	554.6
554.7	554.7
554.8	554.8
554.9	554.9
555	555
555.1	555.1
555.2	555.2
555.3	555.3
555.4	555.4
555.5	555.5
555.6	555.6
555.7	555.7
555.8	555.8
555.9	555.9
556	556
556.1	556.1
556.2	556.2
556.3	556.3
556.4	556.4
556.5	556.5
556.6	556.6
556.7	556.7
556.8	556.8
556.9	556.9
557	557
557.1	557.1
557.2	557.2
557.3	557.3
557.4	557.4
557.5	557.5
557.6	557.6
557.7	557.7
557.8	557.8
557.9	557.9
558	558
558.1	558.1
558.2	558.2
558.3	558.3
558.4	558.4
558.5	558.5
558.6	558.6
558.7	558.7
558.8	558.8
558.9	558.9
559	559
559.1	559.1
559.2	559.2
559.3	559.3
559.4	559.4
559.5	559.5
559.6	559.6
559.7	559.7
559.8	559.8
559.9	559.9
560	560
560.1	560.1
560.2	560.2
560.3	560.3
560.4	560.4
560.5	560.5
560.6	560.6
560.7	560.7
560.8	560.8
560.9	560.9
561	561
561.1	561.1
561.2	561.2
561.3	561.3
561.4	561.4
561.5	561.5
561.6	561.6
561.7	561.7
561.8	561.8
561.9	561.9
562	562
562.1	562.1
562.2	562.2
562.3	562.3
562.4	562.4
562.5	562.5
562.6	562.6
562.7	562.7
562.8	562.8
562.9	562.9
563	563
563.1	563.1
563.2	563.2
563.3	563.3
563.4	563.4
563.5	563.5
563.6	563.6
563.7	563.7
563.8	563.8
563.9	563.9
564	564
564.1	564.1
564.2	564.2
564.3	564.3
564.4	564.4
564.5	564.5
564.6	564.6
564.7	564.7
564.8	564.8
564.9	564.9
565	565
565.1	565.1
565.2	565.2
565.3	565.3
565.4	565.4
565.5	565.5
565.6	565.6
565.7	565.7
565.8	565.8
565.9	565.9
566	566
566.1	566.1
566.2	566.2
566.3	566.3
566.4	566.4
566.5	566.5
566.6	566.6
566.7	566.7
566.8	566.8
566.9	566.9
567	567
567.1	567.1
567.2	567.2
567.3	567.3
567.4	567.4
567.5	567.5
567.6	567.6
567.7	567.7
567.8	567.8
567.9	567.9
568	568
568.1	568.1
568.2	568.2
568.3	568.3
568.4	568.4
568.5	568.5
568.6	568.6
568.7	568.7
568.8	568.8
568.9	568.9
569	569
569.1	569.1
569.2	569.2
569.3	569.3
569.4	569.4
569.5	569.5
569.6	569.6
569.7	569.7
569.8	569.8
569.9	569.9
570	570
570.1	570.1
570.2	570.2
570.3	570.3
570.4	570.4
570.5	570.5
570.6	570.6
570.7	570.7
570.8	570.8
570.9	570.9
571	571
571.1	571.1
571.2	571.2
571.3	571.3
571.4	571.4
571.5	571.5
571.6	571.6
571.7	571.7
571.8	571.8
571.9	571.9
572	572
572.1	572.1
572.2	572.2
572.3	572.3
572.4	572.4
572.5	572.5
572.6	572.6
572.7	572.7
572.8	572.8
572.9	572.9
573	573
573.1	573.1
573.2	573.2
573.3	573.3
573.4	573.4
573.5	573.5
573.6	573.6
573.7	573.7
573.8	573.8
573.9	573.9
574	574
574.1	574.1
574.2	574.2
574.3	574.3
574.4	574.4
574.5	574.5
574.6	574.6
574.7	574.7
574.8	574.8
574.9	574.9
575	575
575.1	575.1
575.2	575.2
575.3	575.3
575.4	575.4
575.5	575.5
575.6	575.6
575.7	575.7
575.8	575.8
575.9	575.9
576	576
576.1	576.1
576.2	576.2
576.3	576.3
576.4	576.4
576.5	576.5
576.6	576.6
576.7	576.7
576.8	576.8
576.9	576.9
577	577
577.1	577.1
577.2	577.2
577.3	577.3
577.4	577.4
577.5	577.5
577.6	577.6
577.7	577.7
577.8	577.8
577.9	577.9
578	578
578.1	578.1
578.2	578.2
578.3	578.3
578.4	578.4
578.5	578.5
578.6	578.6
578.7	578.7
578.8	578.8
578.9	578.9
579	579
579.1	579.1
579.2	579.2
579.3	579.3
579.4	579.4
579.5	579.5
579.6	579.6
579.7	579.7
579.8	579.8
579.9	579.9
580	580
580.1	580.1
580.2	580.2
580.3	580.3
580.4	580.4
580.5	580.5
580.6	580.6
580.7	580.7
580.8	580.8
580.9	580.9
581	581
581.1	581.1
581.2	581.2
581.3	581.3
581.4	581.4
581.5	581.5
581.6	581.6
581.7	581.7
581.8	581.8
581.9	581.9
582	582
582.1	582.1
582.2	582.2
582.3	582.3
582.4	582.4
582.5	582.5
582.6	582.6
582.7	582.7
582.8	582.8
582.9	582.9
583	583
583.1	583.1
583.2	583.2
583.3	583.3
583.4	583.4
583.5	583.5
583.6	583.6
583.7	583.7
583.8	583.8
583.9	583.9
584	584
584.1	584.1
584.2	584.2
584.3	584.3
584.4	584.4
584.5	584.5
584.6	584.6
584.7	584.7
584.8	584.8
584.9	584.9
585	585
585.1	585.1
585.2	585.2
585.3	585.3
585.4	585.4
585.5	585.5
585.6	585.6
585.7	585.7
585.8	585.8
585.9	585.9
586	586
586.1	586.1
586.2	586.2
586.3	586.3
586.4	586.4
586.5	586.5
586.6	586.6
586.7	586.7
586.8	586.8
586.9	586.9
587	587
587.1	587.1
587.2	587.2
587.3	587.3
587.4	587.4
587.5	587.5
587.6	587.6
587.7	587.7
587.8	587.8
587.9	587.9
588	588
588.1	588.1
588.2	588.2
588.3	588.3
588.4	588.4
588.5	588.5
588.6	588.6
588.7	588.7
588.8	588.8
588.9	588.9
589	589
589.1	589.1
589.2	589.2
589.3	589.3
589.4	589.4
589.5	589.5
589.6	589.6
589.7	589.7
589.8	589.8
589.9	589.9
590	590
590.1	590.1
590.2	590.2
590.3	590.3
590.4	590.4
590.5	590.5
590.6	590.6
590.7	590.7
590.8	590.8
590.9	590.9
591	591
591.1	591.1
591.2	591.2
591.3	591.3
591.4	591.4
591.5	591.5
591.6	591.6
591.7	591.7
591.8	591.8
591.9	591.9
592	592
592.1	592.1
592.2	592.2
592.3	592.3
592.4	592.4
592.5	592.5
592.6	592.6
592.7	592.7
592.8	592.8
592.9	592.9
593	593
593.1	593.1
593.2	593.2
593.3	593.3
593.4	593.4
593.5	593.5
593.6	593.6
593.7	593.7
593.8	593.8
593.9	593.9
594	594
594.1	594.1
594.2	594.2
594.3	594.3
594.4	594.4
594.5	594.5
594.6	594.6
594.7	594.7
594.8	594.8
594.9	594.9
595	595
595.1	595.1
595.2	595.2
595.3	595.3
595.4	595.4
595.5	595.5
595.6	595.6
595.7	595.7
595.8	595.8
595.9	595.9
596	596
596.1	596.1
596.2	596.2
596.3	596.3
596.4	596.4
596.5	596.5
596.6	596.6
596.7	596.7
596.8	596.8
596.9	596.9
597	597
597.1	597.1
597.2	597.2
597.3	597.3
597.4	597.4
597.5	597.5
597.6	597.6
597.7	597.7
597.8	597.8
597.9	597.9
598	598
598.1	598.1
598.2	598.2
598.3	598.3
598.4	598.4
598.5	598.5
598.6	598.6
598.7	598.7
598.8	598.8
598.9	598.9
599	599
599.1	599.1
599.2	599.2
599.3	599.3
599.4	599.4
599.5	599.5
599.6	599.6
599.7	599.7
599.8	599.8
599.9	599.9
600	600
600.1	600.1
600.2	600.2
600.3	600.3
600.4	600.4
600.5	600.5
600.6	600.6
600.7	600.7
600.8	600.8
600.9	600.9
601	601
601.1	601.1
601.2	601.2
601.3	601.3
601.4	601.4
601.5	601.5
601.6	601.6
601.7	601.7
601.8	601.8
601.9	601.9
602	602
602.1	602.1
602.2	602.2
602.3	602.3
602.4	602.4
602.5	602.5
602.6	602.6
602.7	602.7
602.8	602.8
602.9	602.9
603	603
603.1	603.1
603.2	603.2
603.3	603.3
603.4	603.4
603.5	603.5
603.6	603.6
603.7	603.7
603.8	603.8
603.9	603.9
604	604
604.1	604.1
604.2	604.2
604.3	604.3
604.4	604.4
604.5	604.5
604.6	604.6
604.7	604.7
604.8	604.8
604.9	604.9
605	605
605.1	605.1
605.2	605.2
605.3	605.3
605.4	605.4
605.5	605.5
605.6	605.6
605.7	605.7
605.8	605.8
605.9	605.9
606	606
606.1	606.1
606.2	606.2
606.3	606.3
606.4	606.4
606.5	606.5
606.6	606.6
606.7	606.7
606.8	606.8
606.9	606.9
607	607
607.1	607.1
607.2	607.2
607.3	607.3
607.4	607.4
607.5	607.5
607.6	607.6
607.7	607.7
607.8	607.8
607.9	607.9
608	608
608.1	608.1
608.2	608.2
608.3	608.3
608.4	608.4
608.5	608.5
608.6	608.6
608.7	608.7
608.8	608.8
608.9	608.9
609	609
609.1	609.1
609.2	609.2
609.3	609.3
609.4	609.4
609.5	609.5
609.6	609.6
609.7	609.7
609.8	609.8
609.9	609.9
610	610
610.1	610.1
610.2	610.2
610.3	610.3
610.4	610.4
610.5	610.5
610.6	610.6
610.7	610.7
610.8	610.8
610.9	610.9
611	611
611.1	611.1
611.2	611.2
611.3	611.3
611.4	611.4
611.5	611.5
611.6	611.6
611.7	611.7
611.8	611.8
611.9	611.9
612	612
612.1	612.1
612.2	612.2
612.3	612.3
612.4	612.4
612.5	612.5
612.6	612.6
612.7	612.7
612.8	612.8
612.9	612.9
613	613
613.1	613.1
613.2	613.2
613.3	613.3
613.4	613.4
613.5	613.5
613.6	613.6
613.7	613.7
613.8	613.8
613.9	613.9
614	614
614.1	614.1
614.2	614.2
614.3	614.3
614.4	614.4
614.5	614.5
614.6	614.6
614.7	614.7
614.8	614.8
614.9	614.9
615	615
615.1	615.1
615.2	615.2
615.3	615.3
615.4	615.4
615.5	615.5
615.6	615.6
615.7	615.7
615.8	615.8
615.9	615.9
616	616
616.1	616.1
616.2	616.2
616.3	616.3
616.4	616.4
616.5	616.5
616.6	616.6
616.7	616.7
616.8	616.8
616.9	616.9
617	617
617.1	617.1
617.2	617.2
617.3	617.3
617.4	617.4
617.5	617.5
617.6	617.6
617.7	617.7
617.8	617.8
617.9	617.9
618	618
618.1	618.1
618.2	618.2
618.3	618.3
618.4	618.4
618.5	618.5
618.6	618.6
618.7	618.7
618.8	618.8
618.9	618.9
619	619
619.1	619.1
619.2	619.2
619.3	619.3
619.4	619.4
619.5	619.5
619.6	619.6
619.7	619.7
619.8	619.8
619.9	619.9
620	620
620.1	620.1
620.2	620.2
620.3	620.3
620.4	620.4
620.5	620.5
620.6	620.6
620.7	620.7
620.8	620.8
620.9	620.9
621	621
621.1	621.1
621.2	621.2
621.3	621.3
621.4	621.4
621.5	621.5
621.6	621.6
621.7	621.7
621.8	621.8
621.9	621.9
622	622
622.1	622.1
622.2	622.2
622.3	622.3
622.4	622.4
622.5	622.5
622.6	622.6
622.7	622.7
622.8	622.8
622.9	622.9
623	623
623.1	623.1
623.2	623.2
623.3	623.3
623.4	623.4
623.5	623.5
623.6	623.6
623.7	623.7
623.8	623.8
623.9	623.9
624	624
624.1	624.1
624.2	624.2
624.3	624.3
624.4	624.4
624.5	624.5
624.6	624.6
624.7	624.7
624.8	624.8
624.9	624.9
625	625
625.1	625.1
625.2	625.2
625.3	625.3
625.4	625.4
625.5	625.5
625.6	625.6
625.7	625.7
625.8	625.8
625.9	625.9
626	626
626.1	626.1
626.2	626.2
626.3	626.3
626.4	626.4
626.5	626.5
626.6	626.6
626.7	626.7
626.8	626.8
626.9	626.9
627	627
627.1	627.1
627.2	627.2
627.3	627.3
627.4	627.4
627.5	627.5
627.6	627.6
627.7	627.7
627.8	627.8
627.9	627.9
628	628
628.1	628.1
628.2	628.2
628.3	628.3
628.4	628.4
628.5	628.5
628.6	628.6
628.7	628.7
628.8	628.8
628.9	628.9
629	629
629.1	629.1
629.2	629.2
629.3	629.3
629.4	629.4
629.5	629.5
629.6	629.6
629.7	629.7
629.8	629.8
629.9	629.9
630	630
630.1	630.1
630.2	630.2
630.3	630.3
630.4	630.4
630.5	630.5
630.6	630.6
630.7	630.7
630.8	630.8
630.9	630.9
631	631
631.1	631.1
631.2	631.2
631.3	631.3
631.4	631.4
631.5	631.5
631.6	631.6
631.7	631.7
631.8	631.8
631.9	631.9
632	632
632.1	632.1
632.2	632.2
632.3	632.3
632.4	632.4
632.5	632.5
632.6	632.6
632.7	632.7
632.8	632.8
632.9	632.9
633	633
633.1	633.1
633.2	633.2
633.3	633.3
633.4	633.4
633.5	633.5
633.6	633.6
633.7	633.7
633.8	633.8
633.9	633.9
634	634
634.1	634.1
634.2	634.2
634.3	634.3
634.4	634.4
634.5	634.5
634.6	634.6
634.7	634.7
634.8	634.8
634.9	634.9
635	635
635.1	635.1
635.2	635.2
635.3	635.3
635.4	635.4
635.5	635.5
635.6	635.6
635.7	635.7
635.8	635.8
635.9	635.9
636	636
636.1	636.1
636.2	636.2
636.3	636.3
636.4	636.4
636.5	636.5
636.6	636.6
636.7	636.7
636.8	636.8
636.9	636.9
637	637
637.1	637.1
637.2	637.2
637.3	637.3
637.4	637.4
637.5	637.5
637.6	637.6
637.7	637.7
637.8	637.8
637.9	637.9
638	638
638.1	638.1
638.2	638.2
638.3	638.3
638.4	638.4
638.5	638.5
638.6	638.6
638.7	638.7
638.8	638.8
638.9	638.9
639	639
639.1	639.1
639.2	639.2
639.3	639.3
639.4	639.4
639.5	639.5
639.6	639.6
639.7	639.7
639.8	639.8
639.9	639.9
640	640
640.1	640.1
640.2	640.2
640.3	640.3
640.4	640.4
640.5	640.5
640.6	640.6
640.7	640.7
640.8	640.8
640.9	640.9
641	641
641.1	641.1
641.2	641.2
641.3	641.3
641.4	641.4
641.5	641.5
641.6	641.6
641.7	641.7
641.8	641.8
641.9	641.9
642	642
642.1	642.1
642.2	642.2
642.3	642.3
642.4	642.4
642.5	642.5
642.6	642.6
642.7	642.7
642.8	642.8
642.9	642.9
643	643
643.1	643.1
643.2	643.2
643.3	643.3
643.4	643.4
643.5	643.5
643.6	643.6
643.7	643.7
643.8	643.8
643.9	643.9
644	644
644.1	644.1
644.2	644.2
644.3	644.3
644.4	644.4
644.5	644.5
644.6	644.6
644.7	644.7
644.8	644.8
644.9	644.9
645	645
645.1	645.1
645.2	645.2
645.3	645.3
645.4	645.4
645.5	645.5
645.6	645.6
645.7	645.7
645.8	645.8
645.9	645.9
646	646
646.1	646.1
646.2	646.2
646.3	646.3
646.4	646.4
646.5	646.5
646.6	646.6
646.7	646.7
646.8	646.8
646.9	646.9
647	647
647.1	647.1
647.2	647.2
647.3	647.3
647.4	647.4
647.5	647.5
647.6	647.6
647.7	647.7
647.8	647.8
647.9	647.9
648	648
648.1	648.1
648.2	648.2
648.3	648.3
648.4	648.4
648.5	648.5
648.6	648.6
648.7	648.7
648.8	648.8
648.9	648.9
649	649
649.1	649.1
649.2	649.2
649.3	649.3
649.4	649.4
649.5	649.5
649.6	649.6
649.7	649.7
649.8	649.8
649.9	649.9
650	650
650.1	650.1
650.2	650.2
650.3	650.3
650.4	650.4
650.5	650.5
650.6	650.6
650.7	650.7
650.8	650.8
650.9	650.9
651	651
651.1	651.1
651.2	651.2
651.3	651.3
651.4	651.4
651.5	651.5
651.6	651.6
651.7	651.7
651.8	651.8
651.9	651.9
652	652
652.1	652.1
652.2	652.2
652.3	652.3
652.4	652.4
652.5	652.5
652.6	652.6
652.7	652.7
652.8	652.8
652.9	652.9
653	653
653.1	653.1
653.2	653.2
653.3	653.3
653.4	653.4
653.5	653.5
653.6	653.6
653.7	653.7
653.8	653.8
653.9	653.9
654	654
654.1	654.1
654.2	654.2
654.3	654.3
654.4	654.4
654.5	654.5
654.6	654.6
654.7	654.7
654.8	654.8
654.9	654.9
655	655
655.1	655.1
655.2	655.2
655.3	655.3
655.4	655.4
655.5	655.5
655.6	655.6
655.7	655.7
655.8	655.8
655.9	655.9
656	656
656.1	656.1
656.2	656.2
656.3	656.3
656.4	656.4
656.5	656.5
656.6	656.6
656.7	656.7
656.8	656.8
656.9	656.9
657	657
657.1	657.1
657.2	657.2
657.3	657.3
657.4	657.4
657.5	657.5
657.6	657.6
657.7	657.7
657.8	657.8
657.9	657.9
658	658
658.1	658.1
658.2	658.2
658.3	658.3
658.4	658.4
658.5	658.5
658.6	658.6
658.7	658.7
658.8	658.8
658.9	658.9
659	659
659.1	659.1
659.2	659.2
659.3	659.3
659.4	659.4
659.5	659.5
659.6	659.6
659.7	659.7
659.8	659.8
659.9	659.9
660	660
660.1	660.1
660.2	660.2
660.3	660.3
660.4	660.4
660.5	660.5
660.6	660.6
660.7	660.7
660.8	660.8
660.9	660.9
661	661
661.1	661.1
661.2	661.2
661.3	661.3
661.4	661.4
661.5	661.5
661.6	661.6
661.7	661.7
661.8	661.8
661.9	661.9
662	662
662.1	662.1
662.2	662.2
662.3	662.3
662.4	662.4
662.5	662.5
662.6	662.6
662.7	662.7
662.8	662.8
662.9	662.9
663	663
663.1	663.1
663.2	663.2
663.3	663.3
663.4	663.4
663.5	663.5
663.6	663.6
663.7	663.7
663.8	663.8
663.9	663.9
664	664
664.1	664.1
664.2	664.2
664.3	664.3
664.4	664.4
664.5	664.5
664.6	664.6
664.7	664.7
664.8	664.8
664.9	664.9
665	665
665.1	665.1
665.2	665.2
665.3	665.3
665.4	665.4
665.5	665.5
665.6	665.6
665.7	665.7
665.8	665.8
665.9	665.9
666	666
666.1	666.1
666.2	666.2
666.3	666.3
666.4	666.4
666.5	666.5
666.6	666.6
666.7	666.7
666.8	666.8
666.9	666.9
667	667
667.1	667.1
667.2	667.2
667.3	667.3
667.4	667.4
667.5	667.5
667.6	667.6
667.7	667.7
667.8	667.8
667.9	667.9
668	668
668.1	668.1
668.2	668.2
668.3	668.3
668.4	668.4
668.5	668.5
668.6	668.6
668.7	668.7
668.8	668.8
668.9	668.9
669	669
669.1	669.1
669.2	669.2
669.3	669.3
669.4	669.4
669.5	669.5
669.6	669.6
669.7	669.7
669.8	669.8
669.9	669.9
670	670
670.1	670.1
670.2	670.2
670.3	670.3
670.4	670.4
670.5	670.5
670.6	670.6
670.7	670.7
670.8	670.8
670.9	670.9
671	671
671.1	671.1
671.2	671.2
671.3	671.3
671.4	671.4
671.5	671.5
671.6	671.6
671.7	671.7
671.8	671.8
671.9	671.9
672	672
672.1	672.1
672.2	672.2
672.3	672.3
672.4	672.4
672.5	672.5
672.6	672.6
672.7	672.7
672.8	672.8
672.9	672.9
673	673
673.1	673.1
673.2	673.2
673.3	673.3
673.4	673.4
673.5	673.5
673.6	673.6
673.7	673.7
673.8	673.8
673.9	673.9
674	674
674.1	674.1
674.2	674.2
674.3	674.3
674.4	674.4
674.5	674.5
674.6	674.6
674.7	674.7
674.8	674.8
674.9	674.9
675	675
675.1	675.1
675.2	675.2
675.3	675.3
675.4	675.4
675.5	675.5
675.6	675.6
675.7	675.7
675.8	675.8
675.9	675.9
676	676
676.1	676.1
676.2	676.2
676.3	676.3
676.4	676.4
676.5	676.5
676.6	676.6
676.7	676.7
676.8	676.8
676.9	676.9
677	677
677.1	677.1
677.2	677.2
677.3	677.3
677.4	677.4
677.5	677.5
677.6	677.6
677.7	677.7
677.8	677.8
677.9	677.9
678	678
678.1	678.1
678.2	678.2
678.3	678.3
678.4	678.4
678.5	678.5
678.6	678.6
678.7	678.7
678.8	678.8
678.9	678.9
679	679
679.1	679.1
679.2	679.2
679.3	679.3
679.4	679.4
679.5	679.5
679.6	679.6
679.7	679.7
679.8	679.8
679.9	679.9
680	680
680.1	680.1
680.2	680.2
680.3	680.3
680.4	680.4
680.5	680.5
680.6	680.6
680.7	680.7
680.8	680.8
680.9	680.9
681	681
681.1	681.1
681.2	681.2
681.3	681.3
681.4	681.4
681.5	681.5
681.6	681.6
681.7	681.7
681.8	681.8
681.9	681.9
682	682
682.1	682.1
682.2	682.2
682.3	682.3
682.4	682.4
682.5	682.5
682.6	682.6
682.7	682.7
682.8	682.8
682.9	682.9
683	683
683.1	683.1
683.2	683.2
683.3	683.3
683.4	683.4
683.5	683.5
683.6	683.6
683.7	683.7
683.8	683.8
683.9	683.9
684	684
684.1	684.1
684.2	684.2
684.3	684.3
684.4	684.4
684.5	684.5
684.6	684.6
684.7	684.7
684.8	684.8
684.9	684.9
685	685
685.1	685.1
685.2	685.2
685.3	685.3
685.4	685.4
685.5	685.5
685.6	685.6
685.7	685.7
685.8	685.8
685.9	685.9
686	686
686.1	686.1
686.2	686.2
686.3	686.3
686.4	686.4
686.5	686.5
686.6	686.6
686.7	686.7
686.8	686.8
686.9	686.9
687	687
687.1	687.1
687.2	687.2
687.3	687.3
687.4	687.4
687.5	687.5
687.6	687.6
687.7	687.7
687.8	687.8
687.9	687.9
688	688
688.1	688.1
688.2	688.2
688.3	688.3
688.4	688.4
688.5	688.5
688.6	688.6
688.7	688.7
688.8	688.8
688.9	688.9
689	689
689.1	689.1
689.2	689.2
689.3	689.3
689.4	689.4
689.5	689.5
689.6	689.6
689.7	689.7
689.8	689.8
689.9	689.9
690	690
690.1	690.1
690.2	690.2
690.3	690.3
690.4	690.4
690.5	690.5
690.6	690.6
690.7	690.7
690.8	690.8
690.9	690.9
691	691
691.1	691.1
691.2	691.2
691.3	691.3
691.4	691.4
691.5	691.5
691.6	691.6
691.7	691.7
691.8	691.8
691.9	691.9
692	692
692.1	692.1
692.2	692.2
692.3	692.3
692.4	692.4
692.5	692.5
692.6	692.6
692.7	692.7
692.8	692.8
692.9	692.9
693	693
693.1	693.1
693.2	693.2
693.3	693.3
693.4	693.4
693.5	693.5
693.6	693.6
693.7	693.7
693.8	693.8
693.9	693.9
694	694
694.1	694.1
694.2	694.2
694.3	694.3
694.4	694.4
694.5	694.5
694.6	694.6
694.7	694.7
694.8	694.8
694.9	694.9
695	695
695.1	695.1
695.2	695.2
695.3	695.3
695.4	695.4
695.5	695.5
695.6	695.6
695.7	695.7
695.8	695.8
695.9	695.9
696	696
696.1	696.1
696.2	696.2
696.3	696.3
696.4	696.4
696.5	696.5
696.6	696.6
696.7	696.7
696.8	696.8
696.9	696.9
697	697
697.1	697.1
697.2	697.2
697.3	697.3
697.4	697.4
697.5	697.5
697.6	697.6
697.7	697.7
697.8	697.8
697.9	697.9
698	698
698.1	698.1
698.2	698.2
698.3	698.3
698.4	698.4
698.5	698.5
698.6	698.6
698.7	698.7
698.8	698.8
698.9	698.9
699	699
699.1	699.1
699.2	699.2
699.3	699.3
699.4	699.4
699.5	699.5
699.6	699.6
699.7	699.7
699.8	699.8
699.9	699.9
700	700
700.1	700.1
700.2	700.2
700.3	700.3
700.4	700.4
700.5	700.5
700.6	700.6
700.7	700.7
700.8	700.8
700.9	700.9
701	701
701.1	701.1
701.2	701.2
701.3	701.3
701.4	701.4
701.5	701.5
701.6	701.6
701.7	701.7
701.8	701.8
701.9	701.9
702	702
702.1	702.1
702.2	702.2
702.3	702.3
702.4	702.4
702.5	702.5
702.6	702.6
702.7	702.7
702.8	702.8
702.9	702.9
703	703
703.1	703.1
703.2	703.2
703.3	703.3
703.4	703.4
703.5	703.5
703.6	703.6
703.7	703.7
703.8	703.8
703.9	703.9
704	704
704.1	704.1
704.2	704.2
704.3	704.3
704.4	704.4
704.5	704.5
704.6	704.6
704.7	704.7
704.8	704.8
704.9	704.9
705	705
705.1	705.1
705.2	705.2
705.3	705.3
705.4	705.4
705.5	705.5
705.6	705.6
705.7	705.7
705.8	705.8
705.9	705.9
706	706
706.1	706.1
706.2	706.2
706.3	706.3
706.4	706.4
706.5	706.5
706.6	706.6
706.7	706.7
706.8	706.8
706.9	706.9
707	707
707.1	707.1
707.2	707.2
707.3	707.3
707.4	707.4
707.5	707.5
707.6	707.6
707.7	707.7
707.8	707.8
707.9	707.9
708	708
708.1	708.1
708.2	708.2
708.3	708.3
708.4	708.4
708.5	708.5
708.6	708.6
708.7	708.7
708.8	708.8
708.9	708.9
709	709
709.1	709.1
709.2	709.2
709.3	709.3
709.4	709.4
709.5	709.5
709.6	709.6
709.7	709.7
709.8	709.8
709.9	709.9
710	710
710.1	710.1
710.2	710.2
710.3	710.3
710.4	710.4
710.5	710.5
710.6	710.6
710.7	710.7
710.8	710.8
710.9	710.9
711	711
711.1	711.1
711.2	711.2
711.3	711.3
711.4	711.4
711.5	711.5
711.6	711.6
711.7	711.7
711.8	711.8
711.9	711.9
712	712
712.1	712.1
712.2	712.2
712.3	712.3
712.4	712.4
712.5	712.5
712.6	712.6
712.7	712.7
712.8	712.8
712.9	712.9
713	713
713.1	713.1
713.2	713.2
713.3	713.3
713.4	713.4
713.5	713.5
713.6	713.6
713.7	713.7
713.8	713.8
713.9	713.9
714	714
714.1	714.1
714.2	714.2
714.3	714.3
714.4	714.4
714.5	714.5
714.6	714.6
714.7	714.7
714.8	714.8
714.9	714.9
715	715
715.1	715.1
715.2	715.2
715.3	715.3
715.4	715.4
715.5	715.5
715.6	715.6
715.7	715.7
715.8	715.8
715.9	715.9
716	716
716.1	716.1
716.2	716.2
716.3	716.3
716.4	716.4
716.5	716.5
716.6	716.6
716.7	716.7
716.8	716.8
716.9	716.9
717	717
717.1	717.1
717.2	717.2
717.3	717.3
717.4	717.4
717.5	717.5
717.6	717.6
717.7	717.7
717.8	717.8
717.9	717.9
718	718
718.1	718.1
718.2	718.2
718.3	718.3
718.4	718.4
718.5	718.5
718.6	718.6
718.7	718.7
718.8	718.8
718.9	718.9
719	719
719.1	719.1
719.2	719.2
719.3	719.3
719.4	719.4
719.5	719.5
719.6	719.6
719.7	719.7
719.8	719.8
719.9	719.9
720	720
720.1	720.1
720.2	720.2
720.3	720.3
720.4	720.4
720.5	720.5
720.6	720.6
720.7	720.7
720.8	720.8
720.9	720.9
721	721
721.1	721.1
721.2	721.2
721.3	721.3
721.4	721.4
721.5	721.5
721.6	721.6
721.7	721.7
721.8	721.8
721.9	721.9
722	722
722.1	722.1
722.2	722.2
722.3	722.3
722.4	722.4
722.5	722.5
722.6	722.6
722.7	722.7
722.8	722.8
722.9	722.9
723	723
723.1	723.1
723.2	723.2
723.3	723.3
723.4	723.4
723.5	723.5
723.6	723.6
723.7	723.7
723.8	723.8
723.9	723.9
724	724
724.1	724.1
724.2	724.2
724.3	724.3
724.4	724.4
724.5	724.5
724.6	724.6
724.7	724.7
724.8	724.8
724.9	724.9
725	725
725.1	725.1
725.2	725.2
725.3	725.3
725.4	725.4
725.5	725.5
725.6	725.6
725.7	725.7
725.8	725.8
725.9	725.9
726	726
726.1	726.1
726.2	726.2
726.3	726.3
726.4	726.4
726.5	726.5
726.6	726.6
726.7	726.7
726.8	726.8
726.9	726.9
727	727
727.1	727.1
727.2	727.2
727.3	727.3
727.4	727.4
727.5	727.5
727.6	727.6
727.7	727.7
727.8	727.8
727.9	727.9
728	728
728.1	728.1
728.2	728.2
728.3	728.3
728.4	728.4
728.5	728.5
728.6	728.6
728.7	728.7
728.8	728.8
728.9	728.9
729	729
729.1	729.1
729.2	729.2
729.3	729.3
729.4	729.4
729.5	729.5
729.6	729.6
729.7	729.7
729.8	729.8
729.9	729.9
730	730
730.1	730.1
730.2	730.2
730.3	730.3
730.4	730.4
730.5	730.5
730.6	730.6
730.7	730.7
730.8	730.8
730.9	730.9
731	731
731.1	731.1
731.2	731.2
731.3	731.3
731.4	731.4
731.5	731.5
731.6	731.6
731.7	731.7
731.8	731.8
731.9	731.9
732	732
732.1	732.1
732.2	732.2
732.3	732.3
732.4	732.4
732.5	732.5
732.6	732.6
732.7	732.7
732.8	732.8
732.9	732.9
733	733
733.1	733.1
733.2	733.2
733.3	733.3
733.4	733.4
733.5	733.5
733.6	733.6
733.7	733.7
733.8	733.8
733.9	733.9
734	734
734.1	734.1
734.2	734.2
734.3	734.3
734.4	734.4
734.5	734.5
734.6	734.6
734.7	734.7
734.8	734.8
734.9	734.9
735	735
735.1	735.1
735.2	735.2
735.3	735.3
735.4	735.4
735.5	735.5
735.6	735.6
735.7	735.7
735.8	735.8
735.9	735.9
736	736
736.1	736.1
736.2	736.2
736.3	736.3
