( -0.00000000 -0.00051450 0 )
( -0.00000000 -0.00049350 0 )
( -0.00000000 -0.00047250 0 )
( -0.00000000 -0.00045150 0 )
( -0.00000000 -0.00043050 0 )
( -0.00000000 -0.00040950 0 )
( -0.00000000 -0.00038850 0 )
( -0.00000000 -0.00036750 0 )
( -0.00000000 -0.00034650 0 )
( -0.00000000 -0.00032550 0 )
( -0.00000000 -0.00030450 0 )
( -0.00000000 -0.00028350 0 )
( -0.00000000 -0.00026250 0 )
( -0.00000000 -0.00024150 0 )
( -0.00000000 -0.00022050 0 )
( -0.00000000 -0.00019950 0 )
( -0.00000000 -0.00017850 0 )
( -0.00000000 -0.00015750 0 )
( -0.00000000 -0.00013650 0 )
( -0.00000000 -0.00011550 0 )
( -0.00000000 -0.00009450 0 )
( -0.00000000 -0.00007350 0 )
( -0.00000000 -0.00005250 0 )
( -0.00000000 -0.00003150 0 )
( -0.00000000 -0.00001050 0 )
( -0.00000000 0.00001050 0 )
( -0.00000000 0.00003150 0 )
( -0.00000000 0.00005250 0 )
( -0.00000000 0.00007350 0 )
( -0.00000000 0.00009450 0 )
( -0.00000000 0.00011550 0 )
( -0.00000000 0.00013650 0 )
( -0.00000000 0.00015750 0 )
( -0.00000000 0.00017850 0 )
( -0.00000000 0.00019950 0 )
( -0.00000000 0.00022050 0 )
( -0.00000000 0.00024150 0 )
( -0.00000000 0.00026250 0 )
( -0.00000000 0.00028350 0 )
( -0.00000000 0.00030450 0 )
( -0.00000000 0.00032550 0 )
( -0.00000000 0.00034650 0 )
( -0.00000000 0.00036750 0 )
( -0.00000000 0.00038850 0 )
( -0.00000000 0.00040950 0 )
( -0.00000000 0.00043050 0 )
( -0.00000000 0.00045150 0 )
( -0.00000000 0.00047250 0 )
( -0.00000000 0.00049350 0 )
( -0.00000000 0.00051450 0 )
( -0.00000000 -0.00051450 0 )
( -0.00000000 -0.00049350 0 )
( -0.00000000 -0.00047250 0 )
( -0.00000000 -0.00045150 0 )
( -0.00000000 -0.00043050 0 )
( -0.00000000 -0.00040950 0 )
( -0.00000000 -0.00038850 0 )
( -0.00000000 -0.00036750 0 )
( -0.00000000 -0.00034650 0 )
( -0.00000000 -0.00032550 0 )
( -0.00000000 -0.00030450 0 )
( -0.00000000 -0.00028350 0 )
( -0.00000000 -0.00026250 0 )
( -0.00000000 -0.00024150 0 )
( -0.00000000 -0.00022050 0 )
( -0.00000000 -0.00019950 0 )
( -0.00000000 -0.00017850 0 )
( -0.00000000 -0.00015750 0 )
( -0.00000000 -0.00013650 0 )
( -0.00000000 -0.00011550 0 )
( -0.00000000 -0.00009450 0 )
( -0.00000000 -0.00007350 0 )
( -0.00000000 -0.00005250 0 )
( -0.00000000 -0.00003150 0 )
( -0.00000000 -0.00001050 0 )
( -0.00000000 0.00001050 0 )
( -0.00000000 0.00003150 0 )
( -0.00000000 0.00005250 0 )
( -0.00000000 0.00007350 0 )
( -0.00000000 0.00009450 0 )
( -0.00000000 0.00011550 0 )
( -0.00000000 0.00013650 0 )
( -0.00000000 0.00015750 0 )
( -0.00000000 0.00017850 0 )
( -0.00000000 0.00019950 0 )
( -0.00000000 0.00022050 0 )
( -0.00000000 0.00024150 0 )
( -0.00000000 0.00026250 0 )
( -0.00000000 0.00028350 0 )
( -0.00000000 0.00030450 0 )
( -0.00000000 0.00032550 0 )
( -0.00000000 0.00034650 0 )
( -0.00000000 0.00036750 0 )
( -0.00000000 0.00038850 0 )
( -0.00000000 0.00040950 0 )
( -0.00000000 0.00043050 0 )
( -0.00000000 0.00045150 0 )
( -0.00000000 0.00047250 0 )
( -0.00000000 0.00049350 0 )
( -0.00000000 0.00051450 0 )
( -0.00000000 -0.00051450 0 )
( -0.00000000 -0.00049350 0 )
( -0.00000000 -0.00047250 0 )
( -0.00000000 -0.00045150 0 )
( -0.00000000 -0.00043050 0 )
( -0.00000000 -0.00040950 0 )
( -0.00000000 -0.00038850 0 )
( -0.00000000 -0.00036750 0 )
( -0.00000000 -0.00034650 0 )
( -0.00000000 -0.00032550 0 )
( -0.00000000 -0.00030450 0 )
( -0.00000000 -0.00028350 0 )
( -0.00000000 -0.00026250 0 )
( -0.00000000 -0.00024150 0 )
( -0.00000000 -0.00022050 0 )
( -0.00000000 -0.00019950 0 )
( -0.00000000 -0.00017850 0 )
( -0.00000000 -0.00015750 0 )
( -0.00000000 -0.00013650 0 )
( -0.00000000 -0.00011550 0 )
( -0.00000000 -0.00009450 0 )
( -0.00000000 -0.00007350 0 )
( -0.00000000 -0.00005250 0 )
( -0.00000000 -0.00003150 0 )
( -0.00000000 -0.00001050 0 )
( -0.00000000 0.00001050 0 )
( -0.00000000 0.00003150 0 )
( -0.00000000 0.00005250 0 )
( -0.00000000 0.00007350 0 )
( -0.00000000 0.00009450 0 )
( -0.00000000 0.00011550 0 )
( -0.00000000 0.00013650 0 )
( -0.00000000 0.00015750 0 )
( -0.00000000 0.00017850 0 )
( -0.00000000 0.00019950 0 )
( -0.00000000 0.00022050 0 )
( -0.00000000 0.00024150 0 )
( -0.00000000 0.00026250 0 )
( -0.00000000 0.00028350 0 )
( -0.00000000 0.00030450 0 )
( -0.00000000 0.00032550 0 )
( -0.00000000 0.00034650 0 )
( -0.00000000 0.00036750 0 )
( -0.00000000 0.00038850 0 )
( -0.00000000 0.00040950 0 )
( -0.00000000 0.00043050 0 )
( -0.00000000 0.00045150 0 )
( -0.00000000 0.00047250 0 )
( -0.00000000 0.00049350 0 )
( -0.00000000 0.00051450 0 )
( -0.00000000 -0.00051450 0 )
( -0.00000000 -0.00049350 0 )
( -0.00000000 -0.00047250 0 )
( -0.00000000 -0.00045150 0 )
( -0.00000000 -0.00043050 0 )
( -0.00000000 -0.00040950 0 )
( -0.00000000 -0.00038850 0 )
( -0.00000000 -0.00036750 0 )
( -0.00000000 -0.00034650 0 )
( -0.00000000 -0.00032550 0 )
( -0.00000000 -0.00030450 0 )
( -0.00000000 -0.00028350 0 )
( -0.00000000 -0.00026250 0 )
( -0.00000000 -0.00024150 0 )
( -0.00000000 -0.00022050 0 )
( -0.00000000 -0.00019950 0 )
( -0.00000000 -0.00017850 0 )
( -0.00000000 -0.00015750 0 )
( -0.00000000 -0.00013650 0 )
( -0.00000000 -0.00011550 0 )
( -0.00000000 -0.00009450 0 )
( -0.00000000 -0.00007350 0 )
( -0.00000000 -0.00005250 0 )
( -0.00000000 -0.00003150 0 )
( -0.00000000 -0.00001050 0 )
( -0.00000000 0.00001050 0 )
( -0.00000000 0.00003150 0 )
( -0.00000000 0.00005250 0 )
( -0.00000000 0.00007350 0 )
( -0.00000000 0.00009450 0 )
( -0.00000000 0.00011550 0 )
( -0.00000000 0.00013650 0 )
( -0.00000000 0.00015750 0 )
( -0.00000000 0.00017850 0 )
( -0.00000000 0.00019950 0 )
( -0.00000000 0.00022050 0 )
( -0.00000000 0.00024150 0 )
( -0.00000000 0.00026250 0 )
( -0.00000000 0.00028350 0 )
( -0.00000000 0.00030450 0 )
( -0.00000000 0.00032550 0 )
( -0.00000000 0.00034650 0 )
( -0.00000000 0.00036750 0 )
( -0.00000000 0.00038850 0 )
( -0.00000000 0.00040950 0 )
( -0.00000000 0.00043050 0 )
( -0.00000000 0.00045150 0 )
( -0.00000000 0.00047250 0 )
( -0.00000000 0.00049350 0 )
( -0.00000000 0.00051450 0 )
( -0.00000000 -0.00051450 0 )
( -0.00000000 -0.00049350 0 )
( -0.00000000 -0.00047250 0 )
( -0.00000000 -0.00045150 0 )
( -0.00000000 -0.00043050 0 )
( -0.00000000 -0.00040950 0 )
( -0.00000000 -0.00038850 0 )
( -0.00000000 -0.00036750 0 )
( -0.00000000 -0.00034650 0 )
( -0.00000000 -0.00032550 0 )
( -0.00000000 -0.00030450 0 )
( -0.00000000 -0.00028350 0 )
( -0.00000000 -0.00026250 0 )
( -0.00000000 -0.00024150 0 )
( -0.00000000 -0.00022050 0 )
( -0.00000000 -0.00019950 0 )
( -0.00000000 -0.00017850 0 )
( -0.00000000 -0.00015750 0 )
( -0.00000000 -0.00013650 0 )
( -0.00000000 -0.00011550 0 )
( -0.00000000 -0.00009450 0 )
( -0.00000000 -0.00007350 0 )
( -0.00000000 -0.00005250 0 )
( -0.00000000 -0.00003150 0 )
( -0.00000000 -0.00001050 0 )
( -0.00000000 0.00001050 0 )
( -0.00000000 0.00003150 0 )
( -0.00000000 0.00005250 0 )
( -0.00000000 0.00007350 0 )
( -0.00000000 0.00009450 0 )
( -0.00000000 0.00011550 0 )
( -0.00000000 0.00013650 0 )
( -0.00000000 0.00015750 0 )
( -0.00000000 0.00017850 0 )
( -0.00000000 0.00019950 0 )
( -0.00000000 0.00022050 0 )
( -0.00000000 0.00024150 0 )
( -0.00000000 0.00026250 0 )
( -0.00000000 0.00028350 0 )
( -0.00000000 0.00030450 0 )
( -0.00000000 0.00032550 0 )
( -0.00000000 0.00034650 0 )
( -0.00000000 0.00036750 0 )
( -0.00000000 0.00038850 0 )
( -0.00000000 0.00040950 0 )
( -0.00000000 0.00043050 0 )
( -0.00000000 0.00045150 0 )
( -0.00000000 0.00047250 0 )
( -0.00000000 0.00049350 0 )
( -0.00000000 0.00051450 0 )
( -0.00000000 -0.00051450 0 )
( -0.00000000 -0.00049350 0 )
( -0.00000000 -0.00047250 0 )
( -0.00000000 -0.00045150 0 )
( -0.00000000 -0.00043050 0 )
( -0.00000000 -0.00040950 0 )
( -0.00000000 -0.00038850 0 )
( -0.00000000 -0.00036750 0 )
( -0.00000000 -0.00034650 0 )
( -0.00000000 -0.00032550 0 )
( -0.00000000 -0.00030450 0 )
( -0.00000000 -0.00028350 0 )
( -0.00000000 -0.00026250 0 )
( -0.00000000 -0.00024150 0 )
( -0.00000000 -0.00022050 0 )
( -0.00000000 -0.00019950 0 )
( -0.00000000 -0.00017850 0 )
( -0.00000000 -0.00015750 0 )
( -0.00000000 -0.00013650 0 )
( -0.00000000 -0.00011550 0 )
( -0.00000000 -0.00009450 0 )
( -0.00000000 -0.00007350 0 )
( -0.00000000 -0.00005250 0 )
( -0.00000000 -0.00003150 0 )
( -0.00000000 -0.00001050 0 )
( -0.00000000 0.00001050 0 )
( -0.00000000 0.00003150 0 )
( -0.00000000 0.00005250 0 )
( -0.00000000 0.00007350 0 )
( -0.00000000 0.00009450 0 )
( -0.00000000 0.00011550 0 )
( -0.00000000 0.00013650 0 )
( -0.00000000 0.00015750 0 )
( -0.00000000 0.00017850 0 )
( -0.00000000 0.00019950 0 )
( -0.00000000 0.00022050 0 )
( -0.00000000 0.00024150 0 )
( -0.00000000 0.00026250 0 )
( -0.00000000 0.00028350 0 )
( -0.00000000 0.00030450 0 )
( -0.00000000 0.00032550 0 )
( -0.00000000 0.00034650 0 )
( -0.00000000 0.00036750 0 )
( -0.00000000 0.00038850 0 )
( -0.00000000 0.00040950 0 )
( -0.00000000 0.00043050 0 )
( -0.00000000 0.00045150 0 )
( -0.00000000 0.00047250 0 )
( -0.00000000 0.00049350 0 )
( -0.00000000 0.00051450 0 )
( -0.00000000 -0.00051450 0 )
( -0.00000000 -0.00049350 0 )
( -0.00000000 -0.00047250 0 )
( -0.00000000 -0.00045150 0 )
( -0.00000000 -0.00043050 0 )
( -0.00000000 -0.00040950 0 )
( -0.00000000 -0.00038850 0 )
( -0.00000000 -0.00036750 0 )
( -0.00000000 -0.00034650 0 )
( -0.00000000 -0.00032550 0 )
( -0.00000000 -0.00030450 0 )
( -0.00000000 -0.00028350 0 )
( -0.00000000 -0.00026250 0 )
( -0.00000000 -0.00024150 0 )
( -0.00000000 -0.00022050 0 )
( -0.00000000 -0.00019950 0 )
( -0.00000000 -0.00017850 0 )
( -0.00000000 -0.00015750 0 )
( -0.00000000 -0.00013650 0 )
( -0.00000000 -0.00011550 0 )
( -0.00000000 -0.00009450 0 )
( -0.00000000 -0.00007350 0 )
( -0.00000000 -0.00005250 0 )
( -0.00000000 -0.00003150 0 )
( -0.00000000 -0.00001050 0 )
( -0.00000000 0.00001050 0 )
( -0.00000000 0.00003150 0 )
( -0.00000000 0.00005250 0 )
( -0.00000000 0.00007350 0 )
( -0.00000000 0.00009450 0 )
( -0.00000000 0.00011550 0 )
( -0.00000000 0.00013650 0 )
( -0.00000000 0.00015750 0 )
( -0.00000000 0.00017850 0 )
( -0.00000000 0.00019950 0 )
( -0.00000000 0.00022050 0 )
( -0.00000000 0.00024150 0 )
( -0.00000000 0.00026250 0 )
( -0.00000000 0.00028350 0 )
( -0.00000000 0.00030450 0 )
( -0.00000000 0.00032550 0 )
( -0.00000000 0.00034650 0 )
( -0.00000000 0.00036750 0 )
( -0.00000000 0.00038850 0 )
( -0.00000000 0.00040950 0 )
( -0.00000000 0.00043050 0 )
( -0.00000000 0.00045150 0 )
( -0.00000000 0.00047250 0 )
( -0.00000000 0.00049350 0 )
( -0.00000000 0.00051450 0 )
( -0.00000000 -0.00051450 0 )
( -0.00000000 -0.00049350 0 )
( -0.00000000 -0.00047250 0 )
( -0.00000000 -0.00045150 0 )
( -0.00000000 -0.00043050 0 )
( -0.00000000 -0.00040950 0 )
( -0.00000000 -0.00038850 0 )
( -0.00000000 -0.00036750 0 )
( -0.00000000 -0.00034650 0 )
( -0.00000000 -0.00032550 0 )
( -0.00000000 -0.00030450 0 )
( -0.00000000 -0.00028350 0 )
( -0.00000000 -0.00026250 0 )
( -0.00000000 -0.00024150 0 )
( -0.00000000 -0.00022050 0 )
( -0.00000000 -0.00019950 0 )
( -0.00000000 -0.00017850 0 )
( -0.00000000 -0.00015750 0 )
( -0.00000000 -0.00013650 0 )
( -0.00000000 -0.00011550 0 )
( -0.00000000 -0.00009450 0 )
( -0.00000000 -0.00007350 0 )
( -0.00000000 -0.00005250 0 )
( -0.00000000 -0.00003150 0 )
( -0.00000000 -0.00001050 0 )
( -0.00000000 0.00001050 0 )
( -0.00000000 0.00003150 0 )
( -0.00000000 0.00005250 0 )
( -0.00000000 0.00007350 0 )
( -0.00000000 0.00009450 0 )
( -0.00000000 0.00011550 0 )
( -0.00000000 0.00013650 0 )
( -0.00000000 0.00015750 0 )
( -0.00000000 0.00017850 0 )
( -0.00000000 0.00019950 0 )
( -0.00000000 0.00022050 0 )
( -0.00000000 0.00024150 0 )
( -0.00000000 0.00026250 0 )
( -0.00000000 0.00028350 0 )
( -0.00000000 0.00030450 0 )
( -0.00000000 0.00032550 0 )
( -0.00000000 0.00034650 0 )
( -0.00000000 0.00036750 0 )
( -0.00000000 0.00038850 0 )
( -0.00000000 0.00040950 0 )
( -0.00000000 0.00043050 0 )
( -0.00000000 0.00045150 0 )
( -0.00000000 0.00047250 0 )
( -0.00000000 0.00049350 0 )
( -0.00000000 0.00051450 0 )
( -0.00000000 -0.00051450 0 )
( -0.00000000 -0.00049350 0 )
( -0.00000000 -0.00047250 0 )
( -0.00000000 -0.00045150 0 )
( -0.00000000 -0.00043050 0 )
( -0.00000000 -0.00040950 0 )
( -0.00000000 -0.00038850 0 )
( -0.00000000 -0.00036750 0 )
( -0.00000000 -0.00034650 0 )
( -0.00000000 -0.00032550 0 )
( -0.00000000 -0.00030450 0 )
( -0.00000000 -0.00028350 0 )
( -0.00000000 -0.00026250 0 )
( -0.00000000 -0.00024150 0 )
( -0.00000000 -0.00022050 0 )
( -0.00000000 -0.00019950 0 )
( -0.00000000 -0.00017850 0 )
( -0.00000000 -0.00015750 0 )
( -0.00000000 -0.00013650 0 )
( -0.00000000 -0.00011550 0 )
( -0.00000000 -0.00009450 0 )
( -0.00000000 -0.00007350 0 )
( -0.00000000 -0.00005250 0 )
( -0.00000000 -0.00003150 0 )
( -0.00000000 -0.00001050 0 )
( -0.00000000 0.00001050 0 )
( -0.00000000 0.00003150 0 )
( -0.00000000 0.00005250 0 )
( -0.00000000 0.00007350 0 )
( -0.00000000 0.00009450 0 )
( -0.00000000 0.00011550 0 )
( -0.00000000 0.00013650 0 )
( -0.00000000 0.00015750 0 )
( -0.00000000 0.00017850 0 )
( -0.00000000 0.00019950 0 )
( -0.00000000 0.00022050 0 )
( -0.00000000 0.00024150 0 )
( -0.00000000 0.00026250 0 )
( -0.00000000 0.00028350 0 )
( -0.00000000 0.00030450 0 )
( -0.00000000 0.00032550 0 )
( -0.00000000 0.00034650 0 )
( -0.00000000 0.00036750 0 )
( -0.00000000 0.00038850 0 )
( -0.00000000 0.00040950 0 )
( -0.00000000 0.00043050 0 )
( -0.00000000 0.00045150 0 )
( -0.00000000 0.00047250 0 )
( -0.00000000 0.00049350 0 )
( -0.00000000 0.00051450 0 )
( -0.00000000 -0.00051450 0 )
( -0.00000000 -0.00049350 0 )
( -0.00000000 -0.00047250 0 )
( -0.00000000 -0.00045150 0 )
( -0.00000000 -0.00043050 0 )
( -0.00000000 -0.00040950 0 )
( -0.00000000 -0.00038850 0 )
( -0.00000000 -0.00036750 0 )
( -0.00000000 -0.00034650 0 )
( -0.00000000 -0.00032550 0 )
( -0.00000000 -0.00030450 0 )
( -0.00000000 -0.00028350 0 )
( -0.00000000 -0.00026250 0 )
( -0.00000000 -0.00024150 0 )
( -0.00000000 -0.00022050 0 )
( -0.00000000 -0.00019950 0 )
( -0.00000000 -0.00017850 0 )
( -0.00000000 -0.00015750 0 )
( -0.00000000 -0.00013650 0 )
( -0.00000000 -0.00011550 0 )
( -0.00000000 -0.00009450 0 )
( -0.00000000 -0.00007350 0 )
( -0.00000000 -0.00005250 0 )
( -0.00000000 -0.00003150 0 )
( -0.00000000 -0.00001050 0 )
( -0.00000000 0.00001050 0 )
( -0.00000000 0.00003150 0 )
( -0.00000000 0.00005250 0 )
( -0.00000000 0.00007350 0 )
( -0.00000000 0.00009450 0 )
( -0.00000000 0.00011550 0 )
( -0.00000000 0.00013650 0 )
( -0.00000000 0.00015750 0 )
( -0.00000000 0.00017850 0 )
( -0.00000000 0.00019950 0 )
( -0.00000000 0.00022050 0 )
( -0.00000000 0.00024150 0 )
( -0.00000000 0.00026250 0 )
( -0.00000000 0.00028350 0 )
( -0.00000000 0.00030450 0 )
( -0.00000000 0.00032550 0 )
( -0.00000000 0.00034650 0 )
( -0.00000000 0.00036750 0 )
( -0.00000000 0.00038850 0 )
( -0.00000000 0.00040950 0 )
( -0.00000000 0.00043050 0 )
( -0.00000000 0.00045150 0 )
( -0.00000000 0.00047250 0 )
( -0.00000000 0.00049350 0 )
( -0.00000000 0.00051450 0 )
( -0.00000000 -0.00051450 0 )
( -0.00000000 -0.00049350 0 )
( -0.00000000 -0.00047250 0 )
( -0.00000000 -0.00045150 0 )
( -0.00000000 -0.00043050 0 )
( -0.00000000 -0.00040950 0 )
( -0.00000000 -0.00038850 0 )
( -0.00000000 -0.00036750 0 )
( -0.00000000 -0.00034650 0 )
( -0.00000000 -0.00032550 0 )
( -0.00000000 -0.00030450 0 )
( -0.00000000 -0.00028350 0 )
( -0.00000000 -0.00026250 0 )
( -0.00000000 -0.00024150 0 )
( -0.00000000 -0.00022050 0 )
( -0.00000000 -0.00019950 0 )
( -0.00000000 -0.00017850 0 )
( -0.00000000 -0.00015750 0 )
( -0.00000000 -0.00013650 0 )
( -0.00000000 -0.00011550 0 )
( -0.00000000 -0.00009450 0 )
( -0.00000000 -0.00007350 0 )
( -0.00000000 -0.00005250 0 )
( -0.00000000 -0.00003150 0 )
( -0.00000000 -0.00001050 0 )
( -0.00000000 0.00001050 0 )
( -0.00000000 0.00003150 0 )
( -0.00000000 0.00005250 0 )
( -0.00000000 0.00007350 0 )
( -0.00000000 0.00009450 0 )
( -0.00000000 0.00011550 0 )
( -0.00000000 0.00013650 0 )
( -0.00000000 0.00015750 0 )
( -0.00000000 0.00017850 0 )
( -0.00000000 0.00019950 0 )
( -0.00000000 0.00022050 0 )
( -0.00000000 0.00024150 0 )
( -0.00000000 0.00026250 0 )
( -0.00000000 0.00028350 0 )
( -0.00000000 0.00030450 0 )
( -0.00000000 0.00032550 0 )
( -0.00000000 0.00034650 0 )
( -0.00000000 0.00036750 0 )
( -0.00000000 0.00038850 0 )
( -0.00000000 0.00040950 0 )
( -0.00000000 0.00043050 0 )
( -0.00000000 0.00045150 0 )
( -0.00000000 0.00047250 0 )
( -0.00000000 0.00049350 0 )
( -0.00000000 0.00051450 0 )
( -0.00000000 -0.00051450 0 )
( -0.00000000 -0.00049350 0 )
( -0.00000000 -0.00047250 0 )
( -0.00000000 -0.00045150 0 )
( -0.00000000 -0.00043050 0 )
( -0.00000000 -0.00040950 0 )
( -0.00000000 -0.00038850 0 )
( -0.00000000 -0.00036750 0 )
( -0.00000000 -0.00034650 0 )
( -0.00000000 -0.00032550 0 )
( -0.00000000 -0.00030450 0 )
( -0.00000000 -0.00028350 0 )
( -0.00000000 -0.00026250 0 )
( -0.00000000 -0.00024150 0 )
( -0.00000000 -0.00022050 0 )
( -0.00000000 -0.00019950 0 )
( -0.00000000 -0.00017850 0 )
( -0.00000000 -0.00015750 0 )
( -0.00000000 -0.00013650 0 )
( -0.00000000 -0.00011550 0 )
( -0.00000000 -0.00009450 0 )
( -0.00000000 -0.00007350 0 )
( -0.00000000 -0.00005250 0 )
( -0.00000000 -0.00003150 0 )
( -0.00000000 -0.00001050 0 )
( -0.00000000 0.00001050 0 )
( -0.00000000 0.00003150 0 )
( -0.00000000 0.00005250 0 )
( -0.00000000 0.00007350 0 )
( -0.00000000 0.00009450 0 )
( -0.00000000 0.00011550 0 )
( -0.00000000 0.00013650 0 )
( -0.00000000 0.00015750 0 )
( -0.00000000 0.00017850 0 )
( -0.00000000 0.00019950 0 )
( -0.00000000 0.00022050 0 )
( -0.00000000 0.00024150 0 )
( -0.00000000 0.00026250 0 )
( -0.00000000 0.00028350 0 )
( -0.00000000 0.00030450 0 )
( -0.00000000 0.00032550 0 )
( -0.00000000 0.00034650 0 )
( -0.00000000 0.00036750 0 )
( -0.00000000 0.00038850 0 )
( -0.00000000 0.00040950 0 )
( -0.00000000 0.00043050 0 )
( -0.00000000 0.00045150 0 )
( -0.00000000 0.00047250 0 )
( -0.00000000 0.00049350 0 )
( -0.00000000 0.00051450 0 )
( -0.00000000 -0.00051450 0 )
( -0.00000000 -0.00049350 0 )
( -0.00000000 -0.00047250 0 )
( -0.00000000 -0.00045150 0 )
( -0.00000000 -0.00043050 0 )
( -0.00000000 -0.00040950 0 )
( -0.00000000 -0.00038850 0 )
( -0.00000000 -0.00036750 0 )
( -0.00000000 -0.00034650 0 )
( -0.00000000 -0.00032550 0 )
( -0.00000000 -0.00030450 0 )
( -0.00000000 -0.00028350 0 )
( -0.00000000 -0.00026250 0 )
( -0.00000000 -0.00024150 0 )
( -0.00000000 -0.00022050 0 )
( -0.00000000 -0.00019950 0 )
( -0.00000000 -0.00017850 0 )
( -0.00000000 -0.00015750 0 )
( -0.00000000 -0.00013650 0 )
( -0.00000000 -0.00011550 0 )
( -0.00000000 -0.00009450 0 )
( -0.00000000 -0.00007350 0 )
( -0.00000000 -0.00005250 0 )
( -0.00000000 -0.00003150 0 )
( -0.00000000 -0.00001050 0 )
( -0.00000000 0.00001050 0 )
( -0.00000000 0.00003150 0 )
( -0.00000000 0.00005250 0 )
( -0.00000000 0.00007350 0 )
( -0.00000000 0.00009450 0 )
( -0.00000000 0.00011550 0 )
( -0.00000000 0.00013650 0 )
( -0.00000000 0.00015750 0 )
( -0.00000000 0.00017850 0 )
( -0.00000000 0.00019950 0 )
( -0.00000000 0.00022050 0 )
( -0.00000000 0.00024150 0 )
( -0.00000000 0.00026250 0 )
( -0.00000000 0.00028350 0 )
( -0.00000000 0.00030450 0 )
( -0.00000000 0.00032550 0 )
( -0.00000000 0.00034650 0 )
( -0.00000000 0.00036750 0 )
( -0.00000000 0.00038850 0 )
( -0.00000000 0.00040950 0 )
( -0.00000000 0.00043050 0 )
( -0.00000000 0.00045150 0 )
( -0.00000000 0.00047250 0 )
( -0.00000000 0.00049350 0 )
( -0.00000000 0.00051450 0 )
( -0.00000000 -0.00051450 0 )
( -0.00000000 -0.00049350 0 )
( -0.00000000 -0.00047250 0 )
( -0.00000000 -0.00045150 0 )
( -0.00000000 -0.00043050 0 )
( -0.00000000 -0.00040950 0 )
( -0.00000000 -0.00038850 0 )
( -0.00000000 -0.00036750 0 )
( -0.00000000 -0.00034650 0 )
( -0.00000000 -0.00032550 0 )
( -0.00000000 -0.00030450 0 )
( -0.00000000 -0.00028350 0 )
( -0.00000000 -0.00026250 0 )
( -0.00000000 -0.00024150 0 )
( -0.00000000 -0.00022050 0 )
( -0.00000000 -0.00019950 0 )
( -0.00000000 -0.00017850 0 )
( -0.00000000 -0.00015750 0 )
( -0.00000000 -0.00013650 0 )
( -0.00000000 -0.00011550 0 )
( -0.00000000 -0.00009450 0 )
( -0.00000000 -0.00007350 0 )
( -0.00000000 -0.00005250 0 )
( -0.00000000 -0.00003150 0 )
( -0.00000000 -0.00001050 0 )
( -0.00000000 0.00001050 0 )
( -0.00000000 0.00003150 0 )
( -0.00000000 0.00005250 0 )
( -0.00000000 0.00007350 0 )
( -0.00000000 0.00009450 0 )
( -0.00000000 0.00011550 0 )
( -0.00000000 0.00013650 0 )
( -0.00000000 0.00015750 0 )
( -0.00000000 0.00017850 0 )
( -0.00000000 0.00019950 0 )
( -0.00000000 0.00022050 0 )
( -0.00000000 0.00024150 0 )
( -0.00000000 0.00026250 0 )
( -0.00000000 0.00028350 0 )
( -0.00000000 0.00030450 0 )
( -0.00000000 0.00032550 0 )
( -0.00000000 0.00034650 0 )
( -0.00000000 0.00036750 0 )
( -0.00000000 0.00038850 0 )
( -0.00000000 0.00040950 0 )
( -0.00000000 0.00043050 0 )
( -0.00000000 0.00045150 0 )
( -0.00000000 0.00047250 0 )
( -0.00000000 0.00049350 0 )
( -0.00000000 0.00051450 0 )
( -0.00000000 -0.00051450 0 )
( -0.00000000 -0.00049350 0 )
( -0.00000000 -0.00047250 0 )
( -0.00000000 -0.00045150 0 )
( -0.00000000 -0.00043050 0 )
( -0.00000000 -0.00040950 0 )
( -0.00000000 -0.00038850 0 )
( -0.00000000 -0.00036750 0 )
( -0.00000000 -0.00034650 0 )
( -0.00000000 -0.00032550 0 )
( -0.00000000 -0.00030450 0 )
( -0.00000000 -0.00028350 0 )
( -0.00000000 -0.00026250 0 )
( -0.00000000 -0.00024150 0 )
( -0.00000000 -0.00022050 0 )
( -0.00000000 -0.00019950 0 )
( -0.00000000 -0.00017850 0 )
( -0.00000000 -0.00015750 0 )
( -0.00000000 -0.00013650 0 )
( -0.00000000 -0.00011550 0 )
( -0.00000000 -0.00009450 0 )
( -0.00000000 -0.00007350 0 )
( -0.00000000 -0.00005250 0 )
( -0.00000000 -0.00003150 0 )
( -0.00000000 -0.00001050 0 )
( -0.00000000 0.00001050 0 )
( -0.00000000 0.00003150 0 )
( -0.00000000 0.00005250 0 )
( -0.00000000 0.00007350 0 )
( -0.00000000 0.00009450 0 )
( -0.00000000 0.00011550 0 )
( -0.00000000 0.00013650 0 )
( -0.00000000 0.00015750 0 )
( -0.00000000 0.00017850 0 )
( -0.00000000 0.00019950 0 )
( -0.00000000 0.00022050 0 )
( -0.00000000 0.00024150 0 )
( -0.00000000 0.00026250 0 )
( -0.00000000 0.00028350 0 )
( -0.00000000 0.00030450 0 )
( -0.00000000 0.00032550 0 )
( -0.00000000 0.00034650 0 )
( -0.00000000 0.00036750 0 )
( -0.00000000 0.00038850 0 )
( -0.00000000 0.00040950 0 )
( -0.00000000 0.00043050 0 )
( -0.00000000 0.00045150 0 )
( -0.00000000 0.00047250 0 )
( -0.00000000 0.00049350 0 )
( -0.00000000 0.00051450 0 )
( -0.00000000 -0.00051450 0 )
( -0.00000000 -0.00049350 0 )
( -0.00000000 -0.00047250 0 )
( -0.00000000 -0.00045150 0 )
( -0.00000000 -0.00043050 0 )
( -0.00000000 -0.00040950 0 )
( -0.00000000 -0.00038850 0 )
( -0.00000000 -0.00036750 0 )
( -0.00000000 -0.00034650 0 )
( -0.00000000 -0.00032550 0 )
( -0.00000000 -0.00030450 0 )
( -0.00000000 -0.00028350 0 )
( -0.00000000 -0.00026250 0 )
( -0.00000000 -0.00024150 0 )
( -0.00000000 -0.00022050 0 )
( -0.00000000 -0.00019950 0 )
( -0.00000000 -0.00017850 0 )
( -0.00000000 -0.00015750 0 )
( -0.00000000 -0.00013650 0 )
( -0.00000000 -0.00011550 0 )
( -0.00000000 -0.00009450 0 )
( -0.00000000 -0.00007350 0 )
( -0.00000000 -0.00005250 0 )
( -0.00000000 -0.00003150 0 )
( -0.00000000 -0.00001050 0 )
( -0.00000000 0.00001050 0 )
( -0.00000000 0.00003150 0 )
( -0.00000000 0.00005250 0 )
( -0.00000000 0.00007350 0 )
( -0.00000000 0.00009450 0 )
( -0.00000000 0.00011550 0 )
( -0.00000000 0.00013650 0 )
( -0.00000000 0.00015750 0 )
( -0.00000000 0.00017850 0 )
( -0.00000000 0.00019950 0 )
( -0.00000000 0.00022050 0 )
( -0.00000000 0.00024150 0 )
( -0.00000000 0.00026250 0 )
( -0.00000000 0.00028350 0 )
( -0.00000000 0.00030450 0 )
( -0.00000000 0.00032550 0 )
( -0.00000000 0.00034650 0 )
( -0.00000000 0.00036750 0 )
( -0.00000000 0.00038850 0 )
( -0.00000000 0.00040950 0 )
( -0.00000000 0.00043050 0 )
( -0.00000000 0.00045150 0 )
( -0.00000000 0.00047250 0 )
( -0.00000000 0.00049350 0 )
( -0.00000000 0.00051450 0 )
( -0.00000000 -0.00051450 0 )
( -0.00000000 -0.00049350 0 )
( -0.00000000 -0.00047250 0 )
( -0.00000000 -0.00045150 0 )
( -0.00000000 -0.00043050 0 )
( -0.00000000 -0.00040950 0 )
( -0.00000000 -0.00038850 0 )
( -0.00000000 -0.00036750 0 )
( -0.00000000 -0.00034650 0 )
( -0.00000000 -0.00032550 0 )
( -0.00000000 -0.00030450 0 )
( -0.00000000 -0.00028350 0 )
( -0.00000000 -0.00026250 0 )
( -0.00000000 -0.00024150 0 )
( -0.00000000 -0.00022050 0 )
( -0.00000000 -0.00019950 0 )
( -0.00000000 -0.00017850 0 )
( -0.00000000 -0.00015750 0 )
( -0.00000000 -0.00013650 0 )
( -0.00000000 -0.00011550 0 )
( -0.00000000 -0.00009450 0 )
( -0.00000000 -0.00007350 0 )
( -0.00000000 -0.00005250 0 )
( -0.00000000 -0.00003150 0 )
( -0.00000000 -0.00001050 0 )
( -0.00000000 0.00001050 0 )
( -0.00000000 0.00003150 0 )
( -0.00000000 0.00005250 0 )
( -0.00000000 0.00007350 0 )
( -0.00000000 0.00009450 0 )
( -0.00000000 0.00011550 0 )
( -0.00000000 0.00013650 0 )
( -0.00000000 0.00015750 0 )
( -0.00000000 0.00017850 0 )
( -0.00000000 0.00019950 0 )
( -0.00000000 0.00022050 0 )
( -0.00000000 0.00024150 0 )
( -0.00000000 0.00026250 0 )
( -0.00000000 0.00028350 0 )
( -0.00000000 0.00030450 0 )
( -0.00000000 0.00032550 0 )
( -0.00000000 0.00034650 0 )
( -0.00000000 0.00036750 0 )
( -0.00000000 0.00038850 0 )
( -0.00000000 0.00040950 0 )
( -0.00000000 0.00043050 0 )
( -0.00000000 0.00045150 0 )
( -0.00000000 0.00047250 0 )
( -0.00000000 0.00049350 0 )
( -0.00000000 0.00051450 0 )
( -0.00000000 -0.00051450 0 )
( -0.00000000 -0.00049350 0 )
( -0.00000000 -0.00047250 0 )
( -0.00000000 -0.00045150 0 )
( -0.00000000 -0.00043050 0 )
( -0.00000000 -0.00040950 0 )
( -0.00000000 -0.00038850 0 )
( -0.00000000 -0.00036750 0 )
( -0.00000000 -0.00034650 0 )
( -0.00000000 -0.00032550 0 )
( -0.00000000 -0.00030450 0 )
( -0.00000000 -0.00028350 0 )
( -0.00000000 -0.00026250 0 )
( -0.00000000 -0.00024150 0 )
( -0.00000000 -0.00022050 0 )
( -0.00000000 -0.00019950 0 )
( -0.00000000 -0.00017850 0 )
( -0.00000000 -0.00015750 0 )
( -0.00000000 -0.00013650 0 )
( -0.00000000 -0.00011550 0 )
( -0.00000000 -0.00009450 0 )
( -0.00000000 -0.00007350 0 )
( -0.00000000 -0.00005250 0 )
( -0.00000000 -0.00003150 0 )
( -0.00000000 -0.00001050 0 )
( -0.00000000 0.00001050 0 )
( -0.00000000 0.00003150 0 )
( -0.00000000 0.00005250 0 )
( -0.00000000 0.00007350 0 )
( -0.00000000 0.00009450 0 )
( -0.00000000 0.00011550 0 )
( -0.00000000 0.00013650 0 )
( -0.00000000 0.00015750 0 )
( -0.00000000 0.00017850 0 )
( -0.00000000 0.00019950 0 )
( -0.00000000 0.00022050 0 )
( -0.00000000 0.00024150 0 )
( -0.00000000 0.00026250 0 )
( -0.00000000 0.00028350 0 )
( -0.00000000 0.00030450 0 )
( -0.00000000 0.00032550 0 )
( -0.00000000 0.00034650 0 )
( -0.00000000 0.00036750 0 )
( -0.00000000 0.00038850 0 )
( -0.00000000 0.00040950 0 )
( -0.00000000 0.00043050 0 )
( -0.00000000 0.00045150 0 )
( -0.00000000 0.00047250 0 )
( -0.00000000 0.00049350 0 )
( -0.00000000 0.00051450 0 )
( -0.00000000 -0.00051450 0 )
( -0.00000000 -0.00049350 0 )
( -0.00000000 -0.00047250 0 )
( -0.00000000 -0.00045150 0 )
( -0.00000000 -0.00043050 0 )
( -0.00000000 -0.00040950 0 )
( -0.00000000 -0.00038850 0 )
( -0.00000000 -0.00036750 0 )
( -0.00000000 -0.00034650 0 )
( -0.00000000 -0.00032550 0 )
( -0.00000000 -0.00030450 0 )
( -0.00000000 -0.00028350 0 )
( -0.00000000 -0.00026250 0 )
( -0.00000000 -0.00024150 0 )
( -0.00000000 -0.00022050 0 )
( -0.00000000 -0.00019950 0 )
( -0.00000000 -0.00017850 0 )
( -0.00000000 -0.00015750 0 )
( -0.00000000 -0.00013650 0 )
( -0.00000000 -0.00011550 0 )
( -0.00000000 -0.00009450 0 )
( -0.00000000 -0.00007350 0 )
( -0.00000000 -0.00005250 0 )
( -0.00000000 -0.00003150 0 )
( -0.00000000 -0.00001050 0 )
( -0.00000000 0.00001050 0 )
( -0.00000000 0.00003150 0 )
( -0.00000000 0.00005250 0 )
( -0.00000000 0.00007350 0 )
( -0.00000000 0.00009450 0 )
( -0.00000000 0.00011550 0 )
( -0.00000000 0.00013650 0 )
( -0.00000000 0.00015750 0 )
( -0.00000000 0.00017850 0 )
( -0.00000000 0.00019950 0 )
( -0.00000000 0.00022050 0 )
( -0.00000000 0.00024150 0 )
( -0.00000000 0.00026250 0 )
( -0.00000000 0.00028350 0 )
( -0.00000000 0.00030450 0 )
( -0.00000000 0.00032550 0 )
( -0.00000000 0.00034650 0 )
( -0.00000000 0.00036750 0 )
( -0.00000000 0.00038850 0 )
( -0.00000000 0.00040950 0 )
( -0.00000000 0.00043050 0 )
( -0.00000000 0.00045150 0 )
( -0.00000000 0.00047250 0 )
( -0.00000000 0.00049350 0 )
( -0.00000000 0.00051450 0 )
( -0.00000000 -0.00051450 0 )
( -0.00000000 -0.00049350 0 )
( -0.00000000 -0.00047250 0 )
( -0.00000000 -0.00045150 0 )
( -0.00000000 -0.00043050 0 )
( -0.00000000 -0.00040950 0 )
( -0.00000000 -0.00038850 0 )
( -0.00000000 -0.00036750 0 )
( -0.00000000 -0.00034650 0 )
( -0.00000000 -0.00032550 0 )
( -0.00000000 -0.00030450 0 )
( -0.00000000 -0.00028350 0 )
( -0.00000000 -0.00026250 0 )
( -0.00000000 -0.00024150 0 )
( -0.00000000 -0.00022050 0 )
( -0.00000000 -0.00019950 0 )
( -0.00000000 -0.00017850 0 )
( -0.00000000 -0.00015750 0 )
( -0.00000000 -0.00013650 0 )
( -0.00000000 -0.00011550 0 )
( -0.00000000 -0.00009450 0 )
( -0.00000000 -0.00007350 0 )
( -0.00000000 -0.00005250 0 )
( -0.00000000 -0.00003150 0 )
( -0.00000000 -0.00001050 0 )
( -0.00000000 0.00001050 0 )
( -0.00000000 0.00003150 0 )
( -0.00000000 0.00005250 0 )
( -0.00000000 0.00007350 0 )
( -0.00000000 0.00009450 0 )
( -0.00000000 0.00011550 0 )
( -0.00000000 0.00013650 0 )
( -0.00000000 0.00015750 0 )
( -0.00000000 0.00017850 0 )
( -0.00000000 0.00019950 0 )
( -0.00000000 0.00022050 0 )
( -0.00000000 0.00024150 0 )
( -0.00000000 0.00026250 0 )
( -0.00000000 0.00028350 0 )
( -0.00000000 0.00030450 0 )
( -0.00000000 0.00032550 0 )
( -0.00000000 0.00034650 0 )
( -0.00000000 0.00036750 0 )
( -0.00000000 0.00038850 0 )
( -0.00000000 0.00040950 0 )
( -0.00000000 0.00043050 0 )
( -0.00000000 0.00045150 0 )
( -0.00000000 0.00047250 0 )
( -0.00000000 0.00049350 0 )
( -0.00000000 0.00051450 0 )
( -0.00000000 -0.00051450 0 )
( -0.00000000 -0.00049350 0 )
( -0.00000000 -0.00047250 0 )
( -0.00000000 -0.00045150 0 )
( -0.00000000 -0.00043050 0 )
( -0.00000000 -0.00040950 0 )
( -0.00000000 -0.00038850 0 )
( -0.00000000 -0.00036750 0 )
( -0.00000000 -0.00034650 0 )
( -0.00000000 -0.00032550 0 )
( -0.00000000 -0.00030450 0 )
( -0.00000000 -0.00028350 0 )
( -0.00000000 -0.00026250 0 )
( -0.00000000 -0.00024150 0 )
( -0.00000000 -0.00022050 0 )
( -0.00000000 -0.00019950 0 )
( -0.00000000 -0.00017850 0 )
( -0.00000000 -0.00015750 0 )
( -0.00000000 -0.00013650 0 )
( -0.00000000 -0.00011550 0 )
( -0.00000000 -0.00009450 0 )
( -0.00000000 -0.00007350 0 )
( -0.00000000 -0.00005250 0 )
( -0.00000000 -0.00003150 0 )
( -0.00000000 -0.00001050 0 )
( -0.00000000 0.00001050 0 )
( -0.00000000 0.00003150 0 )
( -0.00000000 0.00005250 0 )
( -0.00000000 0.00007350 0 )
( -0.00000000 0.00009450 0 )
( -0.00000000 0.00011550 0 )
( -0.00000000 0.00013650 0 )
( -0.00000000 0.00015750 0 )
( -0.00000000 0.00017850 0 )
( -0.00000000 0.00019950 0 )
( -0.00000000 0.00022050 0 )
( -0.00000000 0.00024150 0 )
( -0.00000000 0.00026250 0 )
( -0.00000000 0.00028350 0 )
( -0.00000000 0.00030450 0 )
( -0.00000000 0.00032550 0 )
( -0.00000000 0.00034650 0 )
( -0.00000000 0.00036750 0 )
( -0.00000000 0.00038850 0 )
( -0.00000000 0.00040950 0 )
( -0.00000000 0.00043050 0 )
( -0.00000000 0.00045150 0 )
( -0.00000000 0.00047250 0 )
( -0.00000000 0.00049350 0 )
( -0.00000000 0.00051450 0 )
( -0.00000000 -0.00051450 0 )
( -0.00000000 -0.00049350 0 )
( -0.00000000 -0.00047250 0 )
( -0.00000000 -0.00045150 0 )
( -0.00000000 -0.00043050 0 )
( -0.00000000 -0.00040950 0 )
( -0.00000000 -0.00038850 0 )
( -0.00000000 -0.00036750 0 )
( -0.00000000 -0.00034650 0 )
( -0.00000000 -0.00032550 0 )
( -0.00000000 -0.00030450 0 )
( -0.00000000 -0.00028350 0 )
( -0.00000000 -0.00026250 0 )
( -0.00000000 -0.00024150 0 )
( -0.00000000 -0.00022050 0 )
( -0.00000000 -0.00019950 0 )
( -0.00000000 -0.00017850 0 )
( -0.00000000 -0.00015750 0 )
( -0.00000000 -0.00013650 0 )
( -0.00000000 -0.00011550 0 )
( -0.00000000 -0.00009450 0 )
( -0.00000000 -0.00007350 0 )
( -0.00000000 -0.00005250 0 )
( -0.00000000 -0.00003150 0 )
( -0.00000000 -0.00001050 0 )
( -0.00000000 0.00001050 0 )
( -0.00000000 0.00003150 0 )
( -0.00000000 0.00005250 0 )
( -0.00000000 0.00007350 0 )
( -0.00000000 0.00009450 0 )
( -0.00000000 0.00011550 0 )
( -0.00000000 0.00013650 0 )
( -0.00000000 0.00015750 0 )
( -0.00000000 0.00017850 0 )
( -0.00000000 0.00019950 0 )
( -0.00000000 0.00022050 0 )
( -0.00000000 0.00024150 0 )
( -0.00000000 0.00026250 0 )
( -0.00000000 0.00028350 0 )
( -0.00000000 0.00030450 0 )
( -0.00000000 0.00032550 0 )
( -0.00000000 0.00034650 0 )
( -0.00000000 0.00036750 0 )
( -0.00000000 0.00038850 0 )
( -0.00000000 0.00040950 0 )
( -0.00000000 0.00043050 0 )
( -0.00000000 0.00045150 0 )
( -0.00000000 0.00047250 0 )
( -0.00000000 0.00049350 0 )
( -0.00000000 0.00051450 0 )
( -0.00000000 -0.00051450 0 )
( -0.00000000 -0.00049350 0 )
( -0.00000000 -0.00047250 0 )
( -0.00000000 -0.00045150 0 )
( -0.00000000 -0.00043050 0 )
( -0.00000000 -0.00040950 0 )
( -0.00000000 -0.00038850 0 )
( -0.00000000 -0.00036750 0 )
( -0.00000000 -0.00034650 0 )
( -0.00000000 -0.00032550 0 )
( -0.00000000 -0.00030450 0 )
( -0.00000000 -0.00028350 0 )
( -0.00000000 -0.00026250 0 )
( -0.00000000 -0.00024150 0 )
( -0.00000000 -0.00022050 0 )
( -0.00000000 -0.00019950 0 )
( -0.00000000 -0.00017850 0 )
( -0.00000000 -0.00015750 0 )
( -0.00000000 -0.00013650 0 )
( -0.00000000 -0.00011550 0 )
( -0.00000000 -0.00009450 0 )
( -0.00000000 -0.00007350 0 )
( -0.00000000 -0.00005250 0 )
( -0.00000000 -0.00003150 0 )
( -0.00000000 -0.00001050 0 )
( -0.00000000 0.00001050 0 )
( -0.00000000 0.00003150 0 )
( -0.00000000 0.00005250 0 )
( -0.00000000 0.00007350 0 )
( -0.00000000 0.00009450 0 )
( -0.00000000 0.00011550 0 )
( -0.00000000 0.00013650 0 )
( -0.00000000 0.00015750 0 )
( -0.00000000 0.00017850 0 )
( -0.00000000 0.00019950 0 )
( -0.00000000 0.00022050 0 )
( -0.00000000 0.00024150 0 )
( -0.00000000 0.00026250 0 )
( -0.00000000 0.00028350 0 )
( -0.00000000 0.00030450 0 )
( -0.00000000 0.00032550 0 )
( -0.00000000 0.00034650 0 )
( -0.00000000 0.00036750 0 )
( -0.00000000 0.00038850 0 )
( -0.00000000 0.00040950 0 )
( -0.00000000 0.00043050 0 )
( -0.00000000 0.00045150 0 )
( -0.00000000 0.00047250 0 )
( -0.00000000 0.00049350 0 )
( -0.00000000 0.00051450 0 )
( -0.00000000 -0.00051450 0 )
( -0.00000000 -0.00049350 0 )
( -0.00000000 -0.00047250 0 )
( -0.00000000 -0.00045150 0 )
( -0.00000000 -0.00043050 0 )
( -0.00000000 -0.00040950 0 )
( -0.00000000 -0.00038850 0 )
( -0.00000000 -0.00036750 0 )
( -0.00000000 -0.00034650 0 )
( -0.00000000 -0.00032550 0 )
( -0.00000000 -0.00030450 0 )
( -0.00000000 -0.00028350 0 )
( -0.00000000 -0.00026250 0 )
( -0.00000000 -0.00024150 0 )
( -0.00000000 -0.00022050 0 )
( -0.00000000 -0.00019950 0 )
( -0.00000000 -0.00017850 0 )
( -0.00000000 -0.00015750 0 )
( -0.00000000 -0.00013650 0 )
( -0.00000000 -0.00011550 0 )
( -0.00000000 -0.00009450 0 )
( -0.00000000 -0.00007350 0 )
( -0.00000000 -0.00005250 0 )
( -0.00000000 -0.00003150 0 )
( -0.00000000 -0.00001050 0 )
( -0.00000000 0.00001050 0 )
( -0.00000000 0.00003150 0 )
( -0.00000000 0.00005250 0 )
( -0.00000000 0.00007350 0 )
( -0.00000000 0.00009450 0 )
( -0.00000000 0.00011550 0 )
( -0.00000000 0.00013650 0 )
( -0.00000000 0.00015750 0 )
( -0.00000000 0.00017850 0 )
( -0.00000000 0.00019950 0 )
( -0.00000000 0.00022050 0 )
( -0.00000000 0.00024150 0 )
( -0.00000000 0.00026250 0 )
( -0.00000000 0.00028350 0 )
( -0.00000000 0.00030450 0 )
( -0.00000000 0.00032550 0 )
( -0.00000000 0.00034650 0 )
( -0.00000000 0.00036750 0 )
( -0.00000000 0.00038850 0 )
( -0.00000000 0.00040950 0 )
( -0.00000000 0.00043050 0 )
( -0.00000000 0.00045150 0 )
( -0.00000000 0.00047250 0 )
( -0.00000000 0.00049350 0 )
( -0.00000000 0.00051450 0 )
( -0.00000000 -0.00051450 0 )
( -0.00000000 -0.00049350 0 )
( -0.00000000 -0.00047250 0 )
( -0.00000000 -0.00045150 0 )
( -0.00000000 -0.00043050 0 )
( -0.00000000 -0.00040950 0 )
( -0.00000000 -0.00038850 0 )
( -0.00000000 -0.00036750 0 )
( -0.00000000 -0.00034650 0 )
( -0.00000000 -0.00032550 0 )
( -0.00000000 -0.00030450 0 )
( -0.00000000 -0.00028350 0 )
( -0.00000000 -0.00026250 0 )
( -0.00000000 -0.00024150 0 )
( -0.00000000 -0.00022050 0 )
( -0.00000000 -0.00019950 0 )
( -0.00000000 -0.00017850 0 )
( -0.00000000 -0.00015750 0 )
( -0.00000000 -0.00013650 0 )
( -0.00000000 -0.00011550 0 )
( -0.00000000 -0.00009450 0 )
( -0.00000000 -0.00007350 0 )
( -0.00000000 -0.00005250 0 )
( -0.00000000 -0.00003150 0 )
( -0.00000000 -0.00001050 0 )
( -0.00000000 0.00001050 0 )
( -0.00000000 0.00003150 0 )
( -0.00000000 0.00005250 0 )
( -0.00000000 0.00007350 0 )
( -0.00000000 0.00009450 0 )
( -0.00000000 0.00011550 0 )
( -0.00000000 0.00013650 0 )
( -0.00000000 0.00015750 0 )
( -0.00000000 0.00017850 0 )
( -0.00000000 0.00019950 0 )
( -0.00000000 0.00022050 0 )
( -0.00000000 0.00024150 0 )
( -0.00000000 0.00026250 0 )
( -0.00000000 0.00028350 0 )
( -0.00000000 0.00030450 0 )
( -0.00000000 0.00032550 0 )
( -0.00000000 0.00034650 0 )
( -0.00000000 0.00036750 0 )
( -0.00000000 0.00038850 0 )
( -0.00000000 0.00040950 0 )
( -0.00000000 0.00043050 0 )
( -0.00000000 0.00045150 0 )
( -0.00000000 0.00047250 0 )
( -0.00000000 0.00049350 0 )
( -0.00000000 0.00051450 0 )
( 0.00000000 -0.00051450 0 )
( 0.00000000 -0.00049350 0 )
( 0.00000000 -0.00047250 0 )
( 0.00000000 -0.00045150 0 )
( 0.00000000 -0.00043050 0 )
( 0.00000000 -0.00040950 0 )
( 0.00000000 -0.00038850 0 )
( 0.00000000 -0.00036750 0 )
( 0.00000000 -0.00034650 0 )
( 0.00000000 -0.00032550 0 )
( 0.00000000 -0.00030450 0 )
( 0.00000000 -0.00028350 0 )
( 0.00000000 -0.00026250 0 )
( 0.00000000 -0.00024150 0 )
( 0.00000000 -0.00022050 0 )
( 0.00000000 -0.00019950 0 )
( 0.00000000 -0.00017850 0 )
( 0.00000000 -0.00015750 0 )
( 0.00000000 -0.00013650 0 )
( 0.00000000 -0.00011550 0 )
( 0.00000000 -0.00009450 0 )
( 0.00000000 -0.00007350 0 )
( 0.00000000 -0.00005250 0 )
( 0.00000000 -0.00003150 0 )
( 0.00000000 -0.00001050 0 )
( 0.00000000 0.00001050 0 )
( 0.00000000 0.00003150 0 )
( 0.00000000 0.00005250 0 )
( 0.00000000 0.00007350 0 )
( 0.00000000 0.00009450 0 )
( 0.00000000 0.00011550 0 )
( 0.00000000 0.00013650 0 )
( 0.00000000 0.00015750 0 )
( 0.00000000 0.00017850 0 )
( 0.00000000 0.00019950 0 )
( 0.00000000 0.00022050 0 )
( 0.00000000 0.00024150 0 )
( 0.00000000 0.00026250 0 )
( 0.00000000 0.00028350 0 )
( 0.00000000 0.00030450 0 )
( 0.00000000 0.00032550 0 )
( 0.00000000 0.00034650 0 )
( 0.00000000 0.00036750 0 )
( 0.00000000 0.00038850 0 )
( 0.00000000 0.00040950 0 )
( 0.00000000 0.00043050 0 )
( 0.00000000 0.00045150 0 )
( 0.00000000 0.00047250 0 )
( 0.00000000 0.00049350 0 )
( 0.00000000 0.00051450 0 )
( 0.00000000 -0.00051450 0 )
( 0.00000000 -0.00049350 0 )
( 0.00000000 -0.00047250 0 )
( 0.00000000 -0.00045150 0 )
( 0.00000000 -0.00043050 0 )
( 0.00000000 -0.00040950 0 )
( 0.00000000 -0.00038850 0 )
( 0.00000000 -0.00036750 0 )
( 0.00000000 -0.00034650 0 )
( 0.00000000 -0.00032550 0 )
( 0.00000000 -0.00030450 0 )
( 0.00000000 -0.00028350 0 )
( 0.00000000 -0.00026250 0 )
( 0.00000000 -0.00024150 0 )
( 0.00000000 -0.00022050 0 )
( 0.00000000 -0.00019950 0 )
( 0.00000000 -0.00017850 0 )
( 0.00000000 -0.00015750 0 )
( 0.00000000 -0.00013650 0 )
( 0.00000000 -0.00011550 0 )
( 0.00000000 -0.00009450 0 )
( 0.00000000 -0.00007350 0 )
( 0.00000000 -0.00005250 0 )
( 0.00000000 -0.00003150 0 )
( 0.00000000 -0.00001050 0 )
( 0.00000000 0.00001050 0 )
( 0.00000000 0.00003150 0 )
( 0.00000000 0.00005250 0 )
( 0.00000000 0.00007350 0 )
( 0.00000000 0.00009450 0 )
( 0.00000000 0.00011550 0 )
( 0.00000000 0.00013650 0 )
( 0.00000000 0.00015750 0 )
( 0.00000000 0.00017850 0 )
( 0.00000000 0.00019950 0 )
( 0.00000000 0.00022050 0 )
( 0.00000000 0.00024150 0 )
( 0.00000000 0.00026250 0 )
( 0.00000000 0.00028350 0 )
( 0.00000000 0.00030450 0 )
( 0.00000000 0.00032550 0 )
( 0.00000000 0.00034650 0 )
( 0.00000000 0.00036750 0 )
( 0.00000000 0.00038850 0 )
( 0.00000000 0.00040950 0 )
( 0.00000000 0.00043050 0 )
( 0.00000000 0.00045150 0 )
( 0.00000000 0.00047250 0 )
( 0.00000000 0.00049350 0 )
( 0.00000000 0.00051450 0 )
( 0.00000000 -0.00051450 0 )
( 0.00000000 -0.00049350 0 )
( 0.00000000 -0.00047250 0 )
( 0.00000000 -0.00045150 0 )
( 0.00000000 -0.00043050 0 )
( 0.00000000 -0.00040950 0 )
( 0.00000000 -0.00038850 0 )
( 0.00000000 -0.00036750 0 )
( 0.00000000 -0.00034650 0 )
( 0.00000000 -0.00032550 0 )
( 0.00000000 -0.00030450 0 )
( 0.00000000 -0.00028350 0 )
( 0.00000000 -0.00026250 0 )
( 0.00000000 -0.00024150 0 )
( 0.00000000 -0.00022050 0 )
( 0.00000000 -0.00019950 0 )
( 0.00000000 -0.00017850 0 )
( 0.00000000 -0.00015750 0 )
( 0.00000000 -0.00013650 0 )
( 0.00000000 -0.00011550 0 )
( 0.00000000 -0.00009450 0 )
( 0.00000000 -0.00007350 0 )
( 0.00000000 -0.00005250 0 )
( 0.00000000 -0.00003150 0 )
( 0.00000000 -0.00001050 0 )
( 0.00000000 0.00001050 0 )
( 0.00000000 0.00003150 0 )
( 0.00000000 0.00005250 0 )
( 0.00000000 0.00007350 0 )
( 0.00000000 0.00009450 0 )
( 0.00000000 0.00011550 0 )
( 0.00000000 0.00013650 0 )
( 0.00000000 0.00015750 0 )
( 0.00000000 0.00017850 0 )
( 0.00000000 0.00019950 0 )
( 0.00000000 0.00022050 0 )
( 0.00000000 0.00024150 0 )
( 0.00000000 0.00026250 0 )
( 0.00000000 0.00028350 0 )
( 0.00000000 0.00030450 0 )
( 0.00000000 0.00032550 0 )
( 0.00000000 0.00034650 0 )
( 0.00000000 0.00036750 0 )
( 0.00000000 0.00038850 0 )
( 0.00000000 0.00040950 0 )
( 0.00000000 0.00043050 0 )
( 0.00000000 0.00045150 0 )
( 0.00000000 0.00047250 0 )
( 0.00000000 0.00049350 0 )
( 0.00000000 0.00051450 0 )
( 0.00000000 -0.00051450 0 )
( 0.00000000 -0.00049350 0 )
( 0.00000000 -0.00047250 0 )
( 0.00000000 -0.00045150 0 )
( 0.00000000 -0.00043050 0 )
( 0.00000000 -0.00040950 0 )
( 0.00000000 -0.00038850 0 )
( 0.00000000 -0.00036750 0 )
( 0.00000000 -0.00034650 0 )
( 0.00000000 -0.00032550 0 )
( 0.00000000 -0.00030450 0 )
( 0.00000000 -0.00028350 0 )
( 0.00000000 -0.00026250 0 )
( 0.00000000 -0.00024150 0 )
( 0.00000000 -0.00022050 0 )
( 0.00000000 -0.00019950 0 )
( 0.00000000 -0.00017850 0 )
( 0.00000000 -0.00015750 0 )
( 0.00000000 -0.00013650 0 )
( 0.00000000 -0.00011550 0 )
( 0.00000000 -0.00009450 0 )
( 0.00000000 -0.00007350 0 )
( 0.00000000 -0.00005250 0 )
( 0.00000000 -0.00003150 0 )
( 0.00000000 -0.00001050 0 )
( 0.00000000 0.00001050 0 )
( 0.00000000 0.00003150 0 )
( 0.00000000 0.00005250 0 )
( 0.00000000 0.00007350 0 )
( 0.00000000 0.00009450 0 )
( 0.00000000 0.00011550 0 )
( 0.00000000 0.00013650 0 )
( 0.00000000 0.00015750 0 )
( 0.00000000 0.00017850 0 )
( 0.00000000 0.00019950 0 )
( 0.00000000 0.00022050 0 )
( 0.00000000 0.00024150 0 )
( 0.00000000 0.00026250 0 )
( 0.00000000 0.00028350 0 )
( 0.00000000 0.00030450 0 )
( 0.00000000 0.00032550 0 )
( 0.00000000 0.00034650 0 )
( 0.00000000 0.00036750 0 )
( 0.00000000 0.00038850 0 )
( 0.00000000 0.00040950 0 )
( 0.00000000 0.00043050 0 )
( 0.00000000 0.00045150 0 )
( 0.00000000 0.00047250 0 )
( 0.00000000 0.00049350 0 )
( 0.00000000 0.00051450 0 )
( 0.00000000 -0.00051450 0 )
( 0.00000000 -0.00049350 0 )
( 0.00000000 -0.00047250 0 )
( 0.00000000 -0.00045150 0 )
( 0.00000000 -0.00043050 0 )
( 0.00000000 -0.00040950 0 )
( 0.00000000 -0.00038850 0 )
( 0.00000000 -0.00036750 0 )
( 0.00000000 -0.00034650 0 )
( 0.00000000 -0.00032550 0 )
( 0.00000000 -0.00030450 0 )
( 0.00000000 -0.00028350 0 )
( 0.00000000 -0.00026250 0 )
( 0.00000000 -0.00024150 0 )
( 0.00000000 -0.00022050 0 )
( 0.00000000 -0.00019950 0 )
( 0.00000000 -0.00017850 0 )
( 0.00000000 -0.00015750 0 )
( 0.00000000 -0.00013650 0 )
( 0.00000000 -0.00011550 0 )
( 0.00000000 -0.00009450 0 )
( 0.00000000 -0.00007350 0 )
( 0.00000000 -0.00005250 0 )
( 0.00000000 -0.00003150 0 )
( 0.00000000 -0.00001050 0 )
( 0.00000000 0.00001050 0 )
( 0.00000000 0.00003150 0 )
( 0.00000000 0.00005250 0 )
( 0.00000000 0.00007350 0 )
( 0.00000000 0.00009450 0 )
( 0.00000000 0.00011550 0 )
( 0.00000000 0.00013650 0 )
( 0.00000000 0.00015750 0 )
( 0.00000000 0.00017850 0 )
( 0.00000000 0.00019950 0 )
( 0.00000000 0.00022050 0 )
( 0.00000000 0.00024150 0 )
( 0.00000000 0.00026250 0 )
( 0.00000000 0.00028350 0 )
( 0.00000000 0.00030450 0 )
( 0.00000000 0.00032550 0 )
( 0.00000000 0.00034650 0 )
( 0.00000000 0.00036750 0 )
( 0.00000000 0.00038850 0 )
( 0.00000000 0.00040950 0 )
( 0.00000000 0.00043050 0 )
( 0.00000000 0.00045150 0 )
( 0.00000000 0.00047250 0 )
( 0.00000000 0.00049350 0 )
( 0.00000000 0.00051450 0 )
( 0.00000000 -0.00051450 0 )
( 0.00000000 -0.00049350 0 )
( 0.00000000 -0.00047250 0 )
( 0.00000000 -0.00045150 0 )
( 0.00000000 -0.00043050 0 )
( 0.00000000 -0.00040950 0 )
( 0.00000000 -0.00038850 0 )
( 0.00000000 -0.00036750 0 )
( 0.00000000 -0.00034650 0 )
( 0.00000000 -0.00032550 0 )
( 0.00000000 -0.00030450 0 )
( 0.00000000 -0.00028350 0 )
( 0.00000000 -0.00026250 0 )
( 0.00000000 -0.00024150 0 )
( 0.00000000 -0.00022050 0 )
( 0.00000000 -0.00019950 0 )
( 0.00000000 -0.00017850 0 )
( 0.00000000 -0.00015750 0 )
( 0.00000000 -0.00013650 0 )
( 0.00000000 -0.00011550 0 )
( 0.00000000 -0.00009450 0 )
( 0.00000000 -0.00007350 0 )
( 0.00000000 -0.00005250 0 )
( 0.00000000 -0.00003150 0 )
( 0.00000000 -0.00001050 0 )
( 0.00000000 0.00001050 0 )
( 0.00000000 0.00003150 0 )
( 0.00000000 0.00005250 0 )
( 0.00000000 0.00007350 0 )
( 0.00000000 0.00009450 0 )
( 0.00000000 0.00011550 0 )
( 0.00000000 0.00013650 0 )
( 0.00000000 0.00015750 0 )
( 0.00000000 0.00017850 0 )
( 0.00000000 0.00019950 0 )
( 0.00000000 0.00022050 0 )
( 0.00000000 0.00024150 0 )
( 0.00000000 0.00026250 0 )
( 0.00000000 0.00028350 0 )
( 0.00000000 0.00030450 0 )
( 0.00000000 0.00032550 0 )
( 0.00000000 0.00034650 0 )
( 0.00000000 0.00036750 0 )
( 0.00000000 0.00038850 0 )
( 0.00000000 0.00040950 0 )
( 0.00000000 0.00043050 0 )
( 0.00000000 0.00045150 0 )
( 0.00000000 0.00047250 0 )
( 0.00000000 0.00049350 0 )
( 0.00000000 0.00051450 0 )
( 0.00000000 -0.00051450 0 )
( 0.00000000 -0.00049350 0 )
( 0.00000000 -0.00047250 0 )
( 0.00000000 -0.00045150 0 )
( 0.00000000 -0.00043050 0 )
( 0.00000000 -0.00040950 0 )
( 0.00000000 -0.00038850 0 )
( 0.00000000 -0.00036750 0 )
( 0.00000000 -0.00034650 0 )
( 0.00000000 -0.00032550 0 )
( 0.00000000 -0.00030450 0 )
( 0.00000000 -0.00028350 0 )
( 0.00000000 -0.00026250 0 )
( 0.00000000 -0.00024150 0 )
( 0.00000000 -0.00022050 0 )
( 0.00000000 -0.00019950 0 )
( 0.00000000 -0.00017850 0 )
( 0.00000000 -0.00015750 0 )
( 0.00000000 -0.00013650 0 )
( 0.00000000 -0.00011550 0 )
( 0.00000000 -0.00009450 0 )
( 0.00000000 -0.00007350 0 )
( 0.00000000 -0.00005250 0 )
( 0.00000000 -0.00003150 0 )
( 0.00000000 -0.00001050 0 )
( 0.00000000 0.00001050 0 )
( 0.00000000 0.00003150 0 )
( 0.00000000 0.00005250 0 )
( 0.00000000 0.00007350 0 )
( 0.00000000 0.00009450 0 )
( 0.00000000 0.00011550 0 )
( 0.00000000 0.00013650 0 )
( 0.00000000 0.00015750 0 )
( 0.00000000 0.00017850 0 )
( 0.00000000 0.00019950 0 )
( 0.00000000 0.00022050 0 )
( 0.00000000 0.00024150 0 )
( 0.00000000 0.00026250 0 )
( 0.00000000 0.00028350 0 )
( 0.00000000 0.00030450 0 )
( 0.00000000 0.00032550 0 )
( 0.00000000 0.00034650 0 )
( 0.00000000 0.00036750 0 )
( 0.00000000 0.00038850 0 )
( 0.00000000 0.00040950 0 )
( 0.00000000 0.00043050 0 )
( 0.00000000 0.00045150 0 )
( 0.00000000 0.00047250 0 )
( 0.00000000 0.00049350 0 )
( 0.00000000 0.00051450 0 )
( 0.00000000 -0.00051450 0 )
( 0.00000000 -0.00049350 0 )
( 0.00000000 -0.00047250 0 )
( 0.00000000 -0.00045150 0 )
( 0.00000000 -0.00043050 0 )
( 0.00000000 -0.00040950 0 )
( 0.00000000 -0.00038850 0 )
( 0.00000000 -0.00036750 0 )
( 0.00000000 -0.00034650 0 )
( 0.00000000 -0.00032550 0 )
( 0.00000000 -0.00030450 0 )
( 0.00000000 -0.00028350 0 )
( 0.00000000 -0.00026250 0 )
( 0.00000000 -0.00024150 0 )
( 0.00000000 -0.00022050 0 )
( 0.00000000 -0.00019950 0 )
( 0.00000000 -0.00017850 0 )
( 0.00000000 -0.00015750 0 )
( 0.00000000 -0.00013650 0 )
( 0.00000000 -0.00011550 0 )
( 0.00000000 -0.00009450 0 )
( 0.00000000 -0.00007350 0 )
( 0.00000000 -0.00005250 0 )
( 0.00000000 -0.00003150 0 )
( 0.00000000 -0.00001050 0 )
( 0.00000000 0.00001050 0 )
( 0.00000000 0.00003150 0 )
( 0.00000000 0.00005250 0 )
( 0.00000000 0.00007350 0 )
( 0.00000000 0.00009450 0 )
( 0.00000000 0.00011550 0 )
( 0.00000000 0.00013650 0 )
( 0.00000000 0.00015750 0 )
( 0.00000000 0.00017850 0 )
( 0.00000000 0.00019950 0 )
( 0.00000000 0.00022050 0 )
( 0.00000000 0.00024150 0 )
( 0.00000000 0.00026250 0 )
( 0.00000000 0.00028350 0 )
( 0.00000000 0.00030450 0 )
( 0.00000000 0.00032550 0 )
( 0.00000000 0.00034650 0 )
( 0.00000000 0.00036750 0 )
( 0.00000000 0.00038850 0 )
( 0.00000000 0.00040950 0 )
( 0.00000000 0.00043050 0 )
( 0.00000000 0.00045150 0 )
( 0.00000000 0.00047250 0 )
( 0.00000000 0.00049350 0 )
( 0.00000000 0.00051450 0 )
( 0.00000000 -0.00051450 0 )
( 0.00000000 -0.00049350 0 )
( 0.00000000 -0.00047250 0 )
( 0.00000000 -0.00045150 0 )
( 0.00000000 -0.00043050 0 )
( 0.00000000 -0.00040950 0 )
( 0.00000000 -0.00038850 0 )
( 0.00000000 -0.00036750 0 )
( 0.00000000 -0.00034650 0 )
( 0.00000000 -0.00032550 0 )
( 0.00000000 -0.00030450 0 )
( 0.00000000 -0.00028350 0 )
( 0.00000000 -0.00026250 0 )
( 0.00000000 -0.00024150 0 )
( 0.00000000 -0.00022050 0 )
( 0.00000000 -0.00019950 0 )
( 0.00000000 -0.00017850 0 )
( 0.00000000 -0.00015750 0 )
( 0.00000000 -0.00013650 0 )
( 0.00000000 -0.00011550 0 )
( 0.00000000 -0.00009450 0 )
( 0.00000000 -0.00007350 0 )
( 0.00000000 -0.00005250 0 )
( 0.00000000 -0.00003150 0 )
( 0.00000000 -0.00001050 0 )
( 0.00000000 0.00001050 0 )
( 0.00000000 0.00003150 0 )
( 0.00000000 0.00005250 0 )
( 0.00000000 0.00007350 0 )
( 0.00000000 0.00009450 0 )
( 0.00000000 0.00011550 0 )
( 0.00000000 0.00013650 0 )
( 0.00000000 0.00015750 0 )
( 0.00000000 0.00017850 0 )
( 0.00000000 0.00019950 0 )
( 0.00000000 0.00022050 0 )
( 0.00000000 0.00024150 0 )
( 0.00000000 0.00026250 0 )
( 0.00000000 0.00028350 0 )
( 0.00000000 0.00030450 0 )
( 0.00000000 0.00032550 0 )
( 0.00000000 0.00034650 0 )
( 0.00000000 0.00036750 0 )
( 0.00000000 0.00038850 0 )
( 0.00000000 0.00040950 0 )
( 0.00000000 0.00043050 0 )
( 0.00000000 0.00045150 0 )
( 0.00000000 0.00047250 0 )
( 0.00000000 0.00049350 0 )
( 0.00000000 0.00051450 0 )
( 0.00000000 -0.00051450 0 )
( 0.00000000 -0.00049350 0 )
( 0.00000000 -0.00047250 0 )
( 0.00000000 -0.00045150 0 )
( 0.00000000 -0.00043050 0 )
( 0.00000000 -0.00040950 0 )
( 0.00000000 -0.00038850 0 )
( 0.00000000 -0.00036750 0 )
( 0.00000000 -0.00034650 0 )
( 0.00000000 -0.00032550 0 )
( 0.00000000 -0.00030450 0 )
( 0.00000000 -0.00028350 0 )
( 0.00000000 -0.00026250 0 )
( 0.00000000 -0.00024150 0 )
( 0.00000000 -0.00022050 0 )
( 0.00000000 -0.00019950 0 )
( 0.00000000 -0.00017850 0 )
( 0.00000000 -0.00015750 0 )
( 0.00000000 -0.00013650 0 )
( 0.00000000 -0.00011550 0 )
( 0.00000000 -0.00009450 0 )
( 0.00000000 -0.00007350 0 )
( 0.00000000 -0.00005250 0 )
( 0.00000000 -0.00003150 0 )
( 0.00000000 -0.00001050 0 )
( 0.00000000 0.00001050 0 )
( 0.00000000 0.00003150 0 )
( 0.00000000 0.00005250 0 )
( 0.00000000 0.00007350 0 )
( 0.00000000 0.00009450 0 )
( 0.00000000 0.00011550 0 )
( 0.00000000 0.00013650 0 )
( 0.00000000 0.00015750 0 )
( 0.00000000 0.00017850 0 )
( 0.00000000 0.00019950 0 )
( 0.00000000 0.00022050 0 )
( 0.00000000 0.00024150 0 )
( 0.00000000 0.00026250 0 )
( 0.00000000 0.00028350 0 )
( 0.00000000 0.00030450 0 )
( 0.00000000 0.00032550 0 )
( 0.00000000 0.00034650 0 )
( 0.00000000 0.00036750 0 )
( 0.00000000 0.00038850 0 )
( 0.00000000 0.00040950 0 )
( 0.00000000 0.00043050 0 )
( 0.00000000 0.00045150 0 )
( 0.00000000 0.00047250 0 )
( 0.00000000 0.00049350 0 )
( 0.00000000 0.00051450 0 )
( 0.00000000 -0.00051450 0 )
( 0.00000000 -0.00049350 0 )
( 0.00000000 -0.00047250 0 )
( 0.00000000 -0.00045150 0 )
( 0.00000000 -0.00043050 0 )
( 0.00000000 -0.00040950 0 )
( 0.00000000 -0.00038850 0 )
( 0.00000000 -0.00036750 0 )
( 0.00000000 -0.00034650 0 )
( 0.00000000 -0.00032550 0 )
( 0.00000000 -0.00030450 0 )
( 0.00000000 -0.00028350 0 )
( 0.00000000 -0.00026250 0 )
( 0.00000000 -0.00024150 0 )
( 0.00000000 -0.00022050 0 )
( 0.00000000 -0.00019950 0 )
( 0.00000000 -0.00017850 0 )
( 0.00000000 -0.00015750 0 )
( 0.00000000 -0.00013650 0 )
( 0.00000000 -0.00011550 0 )
( 0.00000000 -0.00009450 0 )
( 0.00000000 -0.00007350 0 )
( 0.00000000 -0.00005250 0 )
( 0.00000000 -0.00003150 0 )
( 0.00000000 -0.00001050 0 )
( 0.00000000 0.00001050 0 )
( 0.00000000 0.00003150 0 )
( 0.00000000 0.00005250 0 )
( 0.00000000 0.00007350 0 )
( 0.00000000 0.00009450 0 )
( 0.00000000 0.00011550 0 )
( 0.00000000 0.00013650 0 )
( 0.00000000 0.00015750 0 )
( 0.00000000 0.00017850 0 )
( 0.00000000 0.00019950 0 )
( 0.00000000 0.00022050 0 )
( 0.00000000 0.00024150 0 )
( 0.00000000 0.00026250 0 )
( 0.00000000 0.00028350 0 )
( 0.00000000 0.00030450 0 )
( 0.00000000 0.00032550 0 )
( 0.00000000 0.00034650 0 )
( 0.00000000 0.00036750 0 )
( 0.00000000 0.00038850 0 )
( 0.00000000 0.00040950 0 )
( 0.00000000 0.00043050 0 )
( 0.00000000 0.00045150 0 )
( 0.00000000 0.00047250 0 )
( 0.00000000 0.00049350 0 )
( 0.00000000 0.00051450 0 )
( 0.00000000 -0.00051450 0 )
( 0.00000000 -0.00049350 0 )
( 0.00000000 -0.00047250 0 )
( 0.00000000 -0.00045150 0 )
( 0.00000000 -0.00043050 0 )
( 0.00000000 -0.00040950 0 )
( 0.00000000 -0.00038850 0 )
( 0.00000000 -0.00036750 0 )
( 0.00000000 -0.00034650 0 )
( 0.00000000 -0.00032550 0 )
( 0.00000000 -0.00030450 0 )
( 0.00000000 -0.00028350 0 )
( 0.00000000 -0.00026250 0 )
( 0.00000000 -0.00024150 0 )
( 0.00000000 -0.00022050 0 )
( 0.00000000 -0.00019950 0 )
( 0.00000000 -0.00017850 0 )
( 0.00000000 -0.00015750 0 )
( 0.00000000 -0.00013650 0 )
( 0.00000000 -0.00011550 0 )
( 0.00000000 -0.00009450 0 )
( 0.00000000 -0.00007350 0 )
( 0.00000000 -0.00005250 0 )
( 0.00000000 -0.00003150 0 )
( 0.00000000 -0.00001050 0 )
( 0.00000000 0.00001050 0 )
( 0.00000000 0.00003150 0 )
( 0.00000000 0.00005250 0 )
( 0.00000000 0.00007350 0 )
( 0.00000000 0.00009450 0 )
( 0.00000000 0.00011550 0 )
( 0.00000000 0.00013650 0 )
( 0.00000000 0.00015750 0 )
( 0.00000000 0.00017850 0 )
( 0.00000000 0.00019950 0 )
( 0.00000000 0.00022050 0 )
( 0.00000000 0.00024150 0 )
( 0.00000000 0.00026250 0 )
( 0.00000000 0.00028350 0 )
( 0.00000000 0.00030450 0 )
( 0.00000000 0.00032550 0 )
( 0.00000000 0.00034650 0 )
( 0.00000000 0.00036750 0 )
( 0.00000000 0.00038850 0 )
( 0.00000000 0.00040950 0 )
( 0.00000000 0.00043050 0 )
( 0.00000000 0.00045150 0 )
( 0.00000000 0.00047250 0 )
( 0.00000000 0.00049350 0 )
( 0.00000000 0.00051450 0 )
( 0.00000000 -0.00051450 0 )
( 0.00000000 -0.00049350 0 )
( 0.00000000 -0.00047250 0 )
( 0.00000000 -0.00045150 0 )
( 0.00000000 -0.00043050 0 )
( 0.00000000 -0.00040950 0 )
( 0.00000000 -0.00038850 0 )
( 0.00000000 -0.00036750 0 )
( 0.00000000 -0.00034650 0 )
( 0.00000000 -0.00032550 0 )
( 0.00000000 -0.00030450 0 )
( 0.00000000 -0.00028350 0 )
( 0.00000000 -0.00026250 0 )
( 0.00000000 -0.00024150 0 )
( 0.00000000 -0.00022050 0 )
( 0.00000000 -0.00019950 0 )
( 0.00000000 -0.00017850 0 )
( 0.00000000 -0.00015750 0 )
( 0.00000000 -0.00013650 0 )
( 0.00000000 -0.00011550 0 )
( 0.00000000 -0.00009450 0 )
( 0.00000000 -0.00007350 0 )
( 0.00000000 -0.00005250 0 )
( 0.00000000 -0.00003150 0 )
( 0.00000000 -0.00001050 0 )
( 0.00000000 0.00001050 0 )
( 0.00000000 0.00003150 0 )
( 0.00000000 0.00005250 0 )
( 0.00000000 0.00007350 0 )
( 0.00000000 0.00009450 0 )
( 0.00000000 0.00011550 0 )
( 0.00000000 0.00013650 0 )
( 0.00000000 0.00015750 0 )
( 0.00000000 0.00017850 0 )
( 0.00000000 0.00019950 0 )
( 0.00000000 0.00022050 0 )
( 0.00000000 0.00024150 0 )
( 0.00000000 0.00026250 0 )
( 0.00000000 0.00028350 0 )
( 0.00000000 0.00030450 0 )
( 0.00000000 0.00032550 0 )
( 0.00000000 0.00034650 0 )
( 0.00000000 0.00036750 0 )
( 0.00000000 0.00038850 0 )
( 0.00000000 0.00040950 0 )
( 0.00000000 0.00043050 0 )
( 0.00000000 0.00045150 0 )
( 0.00000000 0.00047250 0 )
( 0.00000000 0.00049350 0 )
( 0.00000000 0.00051450 0 )
( 0.00000000 -0.00051450 0 )
( 0.00000000 -0.00049350 0 )
( 0.00000000 -0.00047250 0 )
( 0.00000000 -0.00045150 0 )
( 0.00000000 -0.00043050 0 )
( 0.00000000 -0.00040950 0 )
( 0.00000000 -0.00038850 0 )
( 0.00000000 -0.00036750 0 )
( 0.00000000 -0.00034650 0 )
( 0.00000000 -0.00032550 0 )
( 0.00000000 -0.00030450 0 )
( 0.00000000 -0.00028350 0 )
( 0.00000000 -0.00026250 0 )
( 0.00000000 -0.00024150 0 )
( 0.00000000 -0.00022050 0 )
( 0.00000000 -0.00019950 0 )
( 0.00000000 -0.00017850 0 )
( 0.00000000 -0.00015750 0 )
( 0.00000000 -0.00013650 0 )
( 0.00000000 -0.00011550 0 )
( 0.00000000 -0.00009450 0 )
( 0.00000000 -0.00007350 0 )
( 0.00000000 -0.00005250 0 )
( 0.00000000 -0.00003150 0 )
( 0.00000000 -0.00001050 0 )
( 0.00000000 0.00001050 0 )
( 0.00000000 0.00003150 0 )
( 0.00000000 0.00005250 0 )
( 0.00000000 0.00007350 0 )
( 0.00000000 0.00009450 0 )
( 0.00000000 0.00011550 0 )
( 0.00000000 0.00013650 0 )
( 0.00000000 0.00015750 0 )
( 0.00000000 0.00017850 0 )
( 0.00000000 0.00019950 0 )
( 0.00000000 0.00022050 0 )
( 0.00000000 0.00024150 0 )
( 0.00000000 0.00026250 0 )
( 0.00000000 0.00028350 0 )
( 0.00000000 0.00030450 0 )
( 0.00000000 0.00032550 0 )
( 0.00000000 0.00034650 0 )
( 0.00000000 0.00036750 0 )
( 0.00000000 0.00038850 0 )
( 0.00000000 0.00040950 0 )
( 0.00000000 0.00043050 0 )
( 0.00000000 0.00045150 0 )
( 0.00000000 0.00047250 0 )
( 0.00000000 0.00049350 0 )
( 0.00000000 0.00051450 0 )
( 0.00000000 -0.00051450 0 )
( 0.00000000 -0.00049350 0 )
( 0.00000000 -0.00047250 0 )
( 0.00000000 -0.00045150 0 )
( 0.00000000 -0.00043050 0 )
( 0.00000000 -0.00040950 0 )
( 0.00000000 -0.00038850 0 )
( 0.00000000 -0.00036750 0 )
( 0.00000000 -0.00034650 0 )
( 0.00000000 -0.00032550 0 )
( 0.00000000 -0.00030450 0 )
( 0.00000000 -0.00028350 0 )
( 0.00000000 -0.00026250 0 )
( 0.00000000 -0.00024150 0 )
( 0.00000000 -0.00022050 0 )
( 0.00000000 -0.00019950 0 )
( 0.00000000 -0.00017850 0 )
( 0.00000000 -0.00015750 0 )
( 0.00000000 -0.00013650 0 )
( 0.00000000 -0.00011550 0 )
( 0.00000000 -0.00009450 0 )
( 0.00000000 -0.00007350 0 )
( 0.00000000 -0.00005250 0 )
( 0.00000000 -0.00003150 0 )
( 0.00000000 -0.00001050 0 )
( 0.00000000 0.00001050 0 )
( 0.00000000 0.00003150 0 )
( 0.00000000 0.00005250 0 )
( 0.00000000 0.00007350 0 )
( 0.00000000 0.00009450 0 )
( 0.00000000 0.00011550 0 )
( 0.00000000 0.00013650 0 )
( 0.00000000 0.00015750 0 )
( 0.00000000 0.00017850 0 )
( 0.00000000 0.00019950 0 )
( 0.00000000 0.00022050 0 )
( 0.00000000 0.00024150 0 )
( 0.00000000 0.00026250 0 )
( 0.00000000 0.00028350 0 )
( 0.00000000 0.00030450 0 )
( 0.00000000 0.00032550 0 )
( 0.00000000 0.00034650 0 )
( 0.00000000 0.00036750 0 )
( 0.00000000 0.00038850 0 )
( 0.00000000 0.00040950 0 )
( 0.00000000 0.00043050 0 )
( 0.00000000 0.00045150 0 )
( 0.00000000 0.00047250 0 )
( 0.00000000 0.00049350 0 )
( 0.00000000 0.00051450 0 )
( 0.00000000 -0.00051450 0 )
( 0.00000000 -0.00049350 0 )
( 0.00000000 -0.00047250 0 )
( 0.00000000 -0.00045150 0 )
( 0.00000000 -0.00043050 0 )
( 0.00000000 -0.00040950 0 )
( 0.00000000 -0.00038850 0 )
( 0.00000000 -0.00036750 0 )
( 0.00000000 -0.00034650 0 )
( 0.00000000 -0.00032550 0 )
( 0.00000000 -0.00030450 0 )
( 0.00000000 -0.00028350 0 )
( 0.00000000 -0.00026250 0 )
( 0.00000000 -0.00024150 0 )
( 0.00000000 -0.00022050 0 )
( 0.00000000 -0.00019950 0 )
( 0.00000000 -0.00017850 0 )
( 0.00000000 -0.00015750 0 )
( 0.00000000 -0.00013650 0 )
( 0.00000000 -0.00011550 0 )
( 0.00000000 -0.00009450 0 )
( 0.00000000 -0.00007350 0 )
( 0.00000000 -0.00005250 0 )
( 0.00000000 -0.00003150 0 )
( 0.00000000 -0.00001050 0 )
( 0.00000000 0.00001050 0 )
( 0.00000000 0.00003150 0 )
( 0.00000000 0.00005250 0 )
( 0.00000000 0.00007350 0 )
( 0.00000000 0.00009450 0 )
( 0.00000000 0.00011550 0 )
( 0.00000000 0.00013650 0 )
( 0.00000000 0.00015750 0 )
( 0.00000000 0.00017850 0 )
( 0.00000000 0.00019950 0 )
( 0.00000000 0.00022050 0 )
( 0.00000000 0.00024150 0 )
( 0.00000000 0.00026250 0 )
( 0.00000000 0.00028350 0 )
( 0.00000000 0.00030450 0 )
( 0.00000000 0.00032550 0 )
( 0.00000000 0.00034650 0 )
( 0.00000000 0.00036750 0 )
( 0.00000000 0.00038850 0 )
( 0.00000000 0.00040950 0 )
( 0.00000000 0.00043050 0 )
( 0.00000000 0.00045150 0 )
( 0.00000000 0.00047250 0 )
( 0.00000000 0.00049350 0 )
( 0.00000000 0.00051450 0 )
( 0.00000000 -0.00051450 0 )
( 0.00000000 -0.00049350 0 )
( 0.00000000 -0.00047250 0 )
( 0.00000000 -0.00045150 0 )
( 0.00000000 -0.00043050 0 )
( 0.00000000 -0.00040950 0 )
( 0.00000000 -0.00038850 0 )
( 0.00000000 -0.00036750 0 )
( 0.00000000 -0.00034650 0 )
( 0.00000000 -0.00032550 0 )
( 0.00000000 -0.00030450 0 )
( 0.00000000 -0.00028350 0 )
( 0.00000000 -0.00026250 0 )
( 0.00000000 -0.00024150 0 )
( 0.00000000 -0.00022050 0 )
( 0.00000000 -0.00019950 0 )
( 0.00000000 -0.00017850 0 )
( 0.00000000 -0.00015750 0 )
( 0.00000000 -0.00013650 0 )
( 0.00000000 -0.00011550 0 )
( 0.00000000 -0.00009450 0 )
( 0.00000000 -0.00007350 0 )
( 0.00000000 -0.00005250 0 )
( 0.00000000 -0.00003150 0 )
( 0.00000000 -0.00001050 0 )
( 0.00000000 0.00001050 0 )
( 0.00000000 0.00003150 0 )
( 0.00000000 0.00005250 0 )
( 0.00000000 0.00007350 0 )
( 0.00000000 0.00009450 0 )
( 0.00000000 0.00011550 0 )
( 0.00000000 0.00013650 0 )
( 0.00000000 0.00015750 0 )
( 0.00000000 0.00017850 0 )
( 0.00000000 0.00019950 0 )
( 0.00000000 0.00022050 0 )
( 0.00000000 0.00024150 0 )
( 0.00000000 0.00026250 0 )
( 0.00000000 0.00028350 0 )
( 0.00000000 0.00030450 0 )
( 0.00000000 0.00032550 0 )
( 0.00000000 0.00034650 0 )
( 0.00000000 0.00036750 0 )
( 0.00000000 0.00038850 0 )
( 0.00000000 0.00040950 0 )
( 0.00000000 0.00043050 0 )
( 0.00000000 0.00045150 0 )
( 0.00000000 0.00047250 0 )
( 0.00000000 0.00049350 0 )
( 0.00000000 0.00051450 0 )
( 0.00000000 -0.00051450 0 )
( 0.00000000 -0.00049350 0 )
( 0.00000000 -0.00047250 0 )
( 0.00000000 -0.00045150 0 )
( 0.00000000 -0.00043050 0 )
( 0.00000000 -0.00040950 0 )
( 0.00000000 -0.00038850 0 )
( 0.00000000 -0.00036750 0 )
( 0.00000000 -0.00034650 0 )
( 0.00000000 -0.00032550 0 )
( 0.00000000 -0.00030450 0 )
( 0.00000000 -0.00028350 0 )
( 0.00000000 -0.00026250 0 )
( 0.00000000 -0.00024150 0 )
( 0.00000000 -0.00022050 0 )
( 0.00000000 -0.00019950 0 )
( 0.00000000 -0.00017850 0 )
( 0.00000000 -0.00015750 0 )
( 0.00000000 -0.00013650 0 )
( 0.00000000 -0.00011550 0 )
( 0.00000000 -0.00009450 0 )
( 0.00000000 -0.00007350 0 )
( 0.00000000 -0.00005250 0 )
( 0.00000000 -0.00003150 0 )
( 0.00000000 -0.00001050 0 )
( 0.00000000 0.00001050 0 )
( 0.00000000 0.00003150 0 )
( 0.00000000 0.00005250 0 )
( 0.00000000 0.00007350 0 )
( 0.00000000 0.00009450 0 )
( 0.00000000 0.00011550 0 )
( 0.00000000 0.00013650 0 )
( 0.00000000 0.00015750 0 )
( 0.00000000 0.00017850 0 )
( 0.00000000 0.00019950 0 )
( 0.00000000 0.00022050 0 )
( 0.00000000 0.00024150 0 )
( 0.00000000 0.00026250 0 )
( 0.00000000 0.00028350 0 )
( 0.00000000 0.00030450 0 )
( 0.00000000 0.00032550 0 )
( 0.00000000 0.00034650 0 )
( 0.00000000 0.00036750 0 )
( 0.00000000 0.00038850 0 )
( 0.00000000 0.00040950 0 )
( 0.00000000 0.00043050 0 )
( 0.00000000 0.00045150 0 )
( 0.00000000 0.00047250 0 )
( 0.00000000 0.00049350 0 )
( 0.00000000 0.00051450 0 )
( 0.00000000 -0.00051450 0 )
( 0.00000000 -0.00049350 0 )
( 0.00000000 -0.00047250 0 )
( 0.00000000 -0.00045150 0 )
( 0.00000000 -0.00043050 0 )
( 0.00000000 -0.00040950 0 )
( 0.00000000 -0.00038850 0 )
( 0.00000000 -0.00036750 0 )
( 0.00000000 -0.00034650 0 )
( 0.00000000 -0.00032550 0 )
( 0.00000000 -0.00030450 0 )
( 0.00000000 -0.00028350 0 )
( 0.00000000 -0.00026250 0 )
( 0.00000000 -0.00024150 0 )
( 0.00000000 -0.00022050 0 )
( 0.00000000 -0.00019950 0 )
( 0.00000000 -0.00017850 0 )
( 0.00000000 -0.00015750 0 )
( 0.00000000 -0.00013650 0 )
( 0.00000000 -0.00011550 0 )
( 0.00000000 -0.00009450 0 )
( 0.00000000 -0.00007350 0 )
( 0.00000000 -0.00005250 0 )
( 0.00000000 -0.00003150 0 )
( 0.00000000 -0.00001050 0 )
( 0.00000000 0.00001050 0 )
( 0.00000000 0.00003150 0 )
( 0.00000000 0.00005250 0 )
( 0.00000000 0.00007350 0 )
( 0.00000000 0.00009450 0 )
( 0.00000000 0.00011550 0 )
( 0.00000000 0.00013650 0 )
( 0.00000000 0.00015750 0 )
( 0.00000000 0.00017850 0 )
( 0.00000000 0.00019950 0 )
( 0.00000000 0.00022050 0 )
( 0.00000000 0.00024150 0 )
( 0.00000000 0.00026250 0 )
( 0.00000000 0.00028350 0 )
( 0.00000000 0.00030450 0 )
( 0.00000000 0.00032550 0 )
( 0.00000000 0.00034650 0 )
( 0.00000000 0.00036750 0 )
( 0.00000000 0.00038850 0 )
( 0.00000000 0.00040950 0 )
( 0.00000000 0.00043050 0 )
( 0.00000000 0.00045150 0 )
( 0.00000000 0.00047250 0 )
( 0.00000000 0.00049350 0 )
( 0.00000000 0.00051450 0 )
( 0.00000000 -0.00051450 0 )
( 0.00000000 -0.00049350 0 )
( 0.00000000 -0.00047250 0 )
( 0.00000000 -0.00045150 0 )
( 0.00000000 -0.00043050 0 )
( 0.00000000 -0.00040950 0 )
( 0.00000000 -0.00038850 0 )
( 0.00000000 -0.00036750 0 )
( 0.00000000 -0.00034650 0 )
( 0.00000000 -0.00032550 0 )
( 0.00000000 -0.00030450 0 )
( 0.00000000 -0.00028350 0 )
( 0.00000000 -0.00026250 0 )
( 0.00000000 -0.00024150 0 )
( 0.00000000 -0.00022050 0 )
( 0.00000000 -0.00019950 0 )
( 0.00000000 -0.00017850 0 )
( 0.00000000 -0.00015750 0 )
( 0.00000000 -0.00013650 0 )
( 0.00000000 -0.00011550 0 )
( 0.00000000 -0.00009450 0 )
( 0.00000000 -0.00007350 0 )
( 0.00000000 -0.00005250 0 )
( 0.00000000 -0.00003150 0 )
( 0.00000000 -0.00001050 0 )
( 0.00000000 0.00001050 0 )
( 0.00000000 0.00003150 0 )
( 0.00000000 0.00005250 0 )
( 0.00000000 0.00007350 0 )
( 0.00000000 0.00009450 0 )
( 0.00000000 0.00011550 0 )
( 0.00000000 0.00013650 0 )
( 0.00000000 0.00015750 0 )
( 0.00000000 0.00017850 0 )
( 0.00000000 0.00019950 0 )
( 0.00000000 0.00022050 0 )
( 0.00000000 0.00024150 0 )
( 0.00000000 0.00026250 0 )
( 0.00000000 0.00028350 0 )
( 0.00000000 0.00030450 0 )
( 0.00000000 0.00032550 0 )
( 0.00000000 0.00034650 0 )
( 0.00000000 0.00036750 0 )
( 0.00000000 0.00038850 0 )
( 0.00000000 0.00040950 0 )
( 0.00000000 0.00043050 0 )
( 0.00000000 0.00045150 0 )
( 0.00000000 0.00047250 0 )
( 0.00000000 0.00049350 0 )
( 0.00000000 0.00051450 0 )
( 0.00000000 -0.00051450 0 )
( 0.00000000 -0.00049350 0 )
( 0.00000000 -0.00047250 0 )
( 0.00000000 -0.00045150 0 )
( 0.00000000 -0.00043050 0 )
( 0.00000000 -0.00040950 0 )
( 0.00000000 -0.00038850 0 )
( 0.00000000 -0.00036750 0 )
( 0.00000000 -0.00034650 0 )
( 0.00000000 -0.00032550 0 )
( 0.00000000 -0.00030450 0 )
( 0.00000000 -0.00028350 0 )
( 0.00000000 -0.00026250 0 )
( 0.00000000 -0.00024150 0 )
( 0.00000000 -0.00022050 0 )
( 0.00000000 -0.00019950 0 )
( 0.00000000 -0.00017850 0 )
( 0.00000000 -0.00015750 0 )
( 0.00000000 -0.00013650 0 )
( 0.00000000 -0.00011550 0 )
( 0.00000000 -0.00009450 0 )
( 0.00000000 -0.00007350 0 )
( 0.00000000 -0.00005250 0 )
( 0.00000000 -0.00003150 0 )
( 0.00000000 -0.00001050 0 )
( 0.00000000 0.00001050 0 )
( 0.00000000 0.00003150 0 )
( 0.00000000 0.00005250 0 )
( 0.00000000 0.00007350 0 )
( 0.00000000 0.00009450 0 )
( 0.00000000 0.00011550 0 )
( 0.00000000 0.00013650 0 )
( 0.00000000 0.00015750 0 )
( 0.00000000 0.00017850 0 )
( 0.00000000 0.00019950 0 )
( 0.00000000 0.00022050 0 )
( 0.00000000 0.00024150 0 )
( 0.00000000 0.00026250 0 )
( 0.00000000 0.00028350 0 )
( 0.00000000 0.00030450 0 )
( 0.00000000 0.00032550 0 )
( 0.00000000 0.00034650 0 )
( 0.00000000 0.00036750 0 )
( 0.00000000 0.00038850 0 )
( 0.00000000 0.00040950 0 )
( 0.00000000 0.00043050 0 )
( 0.00000000 0.00045150 0 )
( 0.00000000 0.00047250 0 )
( 0.00000000 0.00049350 0 )
( 0.00000000 0.00051450 0 )
( 0.00000000 -0.00051450 0 )
( 0.00000000 -0.00049350 0 )
( 0.00000000 -0.00047250 0 )
( 0.00000000 -0.00045150 0 )
( 0.00000000 -0.00043050 0 )
( 0.00000000 -0.00040950 0 )
( 0.00000000 -0.00038850 0 )
( 0.00000000 -0.00036750 0 )
( 0.00000000 -0.00034650 0 )
( 0.00000000 -0.00032550 0 )
( 0.00000000 -0.00030450 0 )
( 0.00000000 -0.00028350 0 )
( 0.00000000 -0.00026250 0 )
( 0.00000000 -0.00024150 0 )
( 0.00000000 -0.00022050 0 )
( 0.00000000 -0.00019950 0 )
( 0.00000000 -0.00017850 0 )
( 0.00000000 -0.00015750 0 )
( 0.00000000 -0.00013650 0 )
( 0.00000000 -0.00011550 0 )
( 0.00000000 -0.00009450 0 )
( 0.00000000 -0.00007350 0 )
( 0.00000000 -0.00005250 0 )
( 0.00000000 -0.00003150 0 )
( 0.00000000 -0.00001050 0 )
( 0.00000000 0.00001050 0 )
( 0.00000000 0.00003150 0 )
( 0.00000000 0.00005250 0 )
( 0.00000000 0.00007350 0 )
( 0.00000000 0.00009450 0 )
( 0.00000000 0.00011550 0 )
( 0.00000000 0.00013650 0 )
( 0.00000000 0.00015750 0 )
( 0.00000000 0.00017850 0 )
( 0.00000000 0.00019950 0 )
( 0.00000000 0.00022050 0 )
( 0.00000000 0.00024150 0 )
( 0.00000000 0.00026250 0 )
( 0.00000000 0.00028350 0 )
( 0.00000000 0.00030450 0 )
( 0.00000000 0.00032550 0 )
( 0.00000000 0.00034650 0 )
( 0.00000000 0.00036750 0 )
( 0.00000000 0.00038850 0 )
( 0.00000000 0.00040950 0 )
( 0.00000000 0.00043050 0 )
( 0.00000000 0.00045150 0 )
( 0.00000000 0.00047250 0 )
( 0.00000000 0.00049350 0 )
( 0.00000000 0.00051450 0 )
( 0.00000000 -0.00051450 0 )
( 0.00000000 -0.00049350 0 )
( 0.00000000 -0.00047250 0 )
( 0.00000000 -0.00045150 0 )
( 0.00000000 -0.00043050 0 )
( 0.00000000 -0.00040950 0 )
( 0.00000000 -0.00038850 0 )
( 0.00000000 -0.00036750 0 )
( 0.00000000 -0.00034650 0 )
( 0.00000000 -0.00032550 0 )
( 0.00000000 -0.00030450 0 )
( 0.00000000 -0.00028350 0 )
( 0.00000000 -0.00026250 0 )
( 0.00000000 -0.00024150 0 )
( 0.00000000 -0.00022050 0 )
( 0.00000000 -0.00019950 0 )
( 0.00000000 -0.00017850 0 )
( 0.00000000 -0.00015750 0 )
( 0.00000000 -0.00013650 0 )
( 0.00000000 -0.00011550 0 )
( 0.00000000 -0.00009450 0 )
( 0.00000000 -0.00007350 0 )
( 0.00000000 -0.00005250 0 )
( 0.00000000 -0.00003150 0 )
( 0.00000000 -0.00001050 0 )
( 0.00000000 0.00001050 0 )
( 0.00000000 0.00003150 0 )
( 0.00000000 0.00005250 0 )
( 0.00000000 0.00007350 0 )
( 0.00000000 0.00009450 0 )
( 0.00000000 0.00011550 0 )
( 0.00000000 0.00013650 0 )
( 0.00000000 0.00015750 0 )
( 0.00000000 0.00017850 0 )
( 0.00000000 0.00019950 0 )
( 0.00000000 0.00022050 0 )
( 0.00000000 0.00024150 0 )
( 0.00000000 0.00026250 0 )
( 0.00000000 0.00028350 0 )
( 0.00000000 0.00030450 0 )
( 0.00000000 0.00032550 0 )
( 0.00000000 0.00034650 0 )
( 0.00000000 0.00036750 0 )
( 0.00000000 0.00038850 0 )
( 0.00000000 0.00040950 0 )
( 0.00000000 0.00043050 0 )
( 0.00000000 0.00045150 0 )
( 0.00000000 0.00047250 0 )
( 0.00000000 0.00049350 0 )
( 0.00000000 0.00051450 0 )
( 0.00000000 -0.00051450 0 )
( 0.00000000 -0.00049350 0 )
( 0.00000000 -0.00047250 0 )
( 0.00000000 -0.00045150 0 )
( 0.00000000 -0.00043050 0 )
( 0.00000000 -0.00040950 0 )
( 0.00000000 -0.00038850 0 )
( 0.00000000 -0.00036750 0 )
( 0.00000000 -0.00034650 0 )
( 0.00000000 -0.00032550 0 )
( 0.00000000 -0.00030450 0 )
( 0.00000000 -0.00028350 0 )
( 0.00000000 -0.00026250 0 )
( 0.00000000 -0.00024150 0 )
( 0.00000000 -0.00022050 0 )
( 0.00000000 -0.00019950 0 )
( 0.00000000 -0.00017850 0 )
( 0.00000000 -0.00015750 0 )
( 0.00000000 -0.00013650 0 )
( 0.00000000 -0.00011550 0 )
( 0.00000000 -0.00009450 0 )
( 0.00000000 -0.00007350 0 )
( 0.00000000 -0.00005250 0 )
( 0.00000000 -0.00003150 0 )
( 0.00000000 -0.00001050 0 )
( 0.00000000 0.00001050 0 )
( 0.00000000 0.00003150 0 )
( 0.00000000 0.00005250 0 )
( 0.00000000 0.00007350 0 )
( 0.00000000 0.00009450 0 )
( 0.00000000 0.00011550 0 )
( 0.00000000 0.00013650 0 )
( 0.00000000 0.00015750 0 )
( 0.00000000 0.00017850 0 )
( 0.00000000 0.00019950 0 )
( 0.00000000 0.00022050 0 )
( 0.00000000 0.00024150 0 )
( 0.00000000 0.00026250 0 )
( 0.00000000 0.00028350 0 )
( 0.00000000 0.00030450 0 )
( 0.00000000 0.00032550 0 )
( 0.00000000 0.00034650 0 )
( 0.00000000 0.00036750 0 )
( 0.00000000 0.00038850 0 )
( 0.00000000 0.00040950 0 )
( 0.00000000 0.00043050 0 )
( 0.00000000 0.00045150 0 )
( 0.00000000 0.00047250 0 )
( 0.00000000 0.00049350 0 )
( 0.00000000 0.00051450 0 )
( 0.00000000 -0.00051450 0 )
( 0.00000000 -0.00049350 0 )
( 0.00000000 -0.00047250 0 )
( 0.00000000 -0.00045150 0 )
( 0.00000000 -0.00043050 0 )
( 0.00000000 -0.00040950 0 )
( 0.00000000 -0.00038850 0 )
( 0.00000000 -0.00036750 0 )
( 0.00000000 -0.00034650 0 )
( 0.00000000 -0.00032550 0 )
( 0.00000000 -0.00030450 0 )
( 0.00000000 -0.00028350 0 )
( 0.00000000 -0.00026250 0 )
( 0.00000000 -0.00024150 0 )
( 0.00000000 -0.00022050 0 )
( 0.00000000 -0.00019950 0 )
( 0.00000000 -0.00017850 0 )
( 0.00000000 -0.00015750 0 )
( 0.00000000 -0.00013650 0 )
( 0.00000000 -0.00011550 0 )
( 0.00000000 -0.00009450 0 )
( 0.00000000 -0.00007350 0 )
( 0.00000000 -0.00005250 0 )
( 0.00000000 -0.00003150 0 )
( 0.00000000 -0.00001050 0 )
( 0.00000000 0.00001050 0 )
( 0.00000000 0.00003150 0 )
( 0.00000000 0.00005250 0 )
( 0.00000000 0.00007350 0 )
( 0.00000000 0.00009450 0 )
( 0.00000000 0.00011550 0 )
( 0.00000000 0.00013650 0 )
( 0.00000000 0.00015750 0 )
( 0.00000000 0.00017850 0 )
( 0.00000000 0.00019950 0 )
( 0.00000000 0.00022050 0 )
( 0.00000000 0.00024150 0 )
( 0.00000000 0.00026250 0 )
( 0.00000000 0.00028350 0 )
( 0.00000000 0.00030450 0 )
( 0.00000000 0.00032550 0 )
( 0.00000000 0.00034650 0 )
( 0.00000000 0.00036750 0 )
( 0.00000000 0.00038850 0 )
( 0.00000000 0.00040950 0 )
( 0.00000000 0.00043050 0 )
( 0.00000000 0.00045150 0 )
( 0.00000000 0.00047250 0 )
( 0.00000000 0.00049350 0 )
( 0.00000000 0.00051450 0 )
