0.0011999	11.28
0.00263965	16.64
0.00436705	21.66
0.00643992	26.59
0.00892676	31.33
0.0119101	36.2
0.0154883	41.06
0.0197816	45.84
0.0249318	50.51
0.031112	55.15
0.0385282	60.16
0.0474198	65.06
0.0580705	69.9
0.0708403	74.92
0.0861483	79.83
0.104484	84.57
0.126437	89.13
0.15278	94.14
0.184256	98.66
0.221879	103.39
0.266955	108.34
0.32074	113.42
0.384839	118.31
0.461759	122.94
0.552523	127.88
0.651356	132.45
0.750189	137.37
0.849022	142.27
0.947855	147.19
1.04669	151.9
1.14552	157.56
1.24435	163.26
1.34319	168.55
1.44202	174.16
1.54085	180.31
1.63968	186.11
1.73852	192.11
1.83735	198.09
1.93618	204.9
2.03502	211.81
2.13385	217.99
2.23268	225.09
2.33151	232.36
2.43035	239.38
2.52918	246.54
2.62801	253.94
2.72685	260.88
2.82568	267.9
2.92451	275.81
3.02334	283.24
3.12218	290.69
3.22101	297.64
3.31984	304.42
3.41867	311.67
3.51751	318.75
3.61634	326.29
3.71517	333.76
3.81401	340.98
3.91284	348.2
4.01167	355.81
4.1105	363.08
4.20934	370.41
4.30817	377.64
4.407	384.99
4.50584	391.92
4.60467	399.22
4.7035	406.92
4.80233	414.28
4.90117	421.45
5	431.52
5.1	439.05
5.2	446.37
5.3	453.6
5.4	461.24
5.5	468.47
5.6	475.41
5.7	482.22
5.8	489.5
5.9	496.88
6	504.31
6.1	511.68
6.2	519.29
6.3	526.26
6.4	533.25
6.5	540.41
6.6	547.32
6.7	554.76
6.8	561.97
6.9	568.76
7	575.83
7.1	582.65
7.2	589.77
7.3	596.71
7.4	603.48
7.5	609.94
7.6	616.41
7.7	623.4
7.8	630.43
7.9	637.49
8	644.3
8.1	651.01
8.2	658.23
8.3	665.35
8.4	672.37
8.5	679.44
8.6	686.48
8.7	693.42
8.8	700.44
8.9	707.08
9	713.69
9.1	720.86
9.2	727.88
9.3	734.48
9.4	741.37
9.5	748.17
9.6	754.71
9.7	761.73
9.8	768.47
9.9	775.26
10	784.46
10.1	791.36
10.2	798.27
10.3	804.83
10.4	811.59
10.5	818.33
10.6	824.91
10.7	831.72
10.8	838.5
10.9	845.13
11	851.72
11.1	858.11
11.2	864.9
11.3	871.64
11.4	878.44
11.5	885.12
11.6	891.23
11.7	898.35
11.8	905.22
11.9	911.54
12	918.27
12.1	924.89
12.2	931.35
12.3	937.67
12.4	943.99
12.5	950.59
12.6	956.9
12.7	963.62
12.8	970.17
12.9	976.81
13	983.39
13.1	989.82
13.2	996.46
13.3	1002.74
13.4	1009.12
13.5	1015.54
13.6	1022.12
13.7	1028.55
13.8	1034.93
13.9	1041.59
14	1047.47
14.1	1053.59
14.2	1059.65
14.3	1065.69
14.4	1071.83
14.5	1077.66
14.6	1083.98
14.7	1090.06
14.8	1095.83
14.9	1101.99
15	1110.52
15.1	1116.82
15.2	1122.81
15.3	1129.28
15.4	1135.08
15.5	1141.22
15.6	1147.26
15.7	1153.17
15.8	1159.17
15.9	1165.15
16	1171.8
16.1	1177.83
16.2	1184.24
16.3	1190.37
16.4	1196.58
16.5	1202.69
16.6	1208.75
16.7	1214.42
16.8	1221
16.9	1226.49
17	1232.76
17.1	1238.96
17.2	1245.2
17.3	1251.21
17.4	1257.03
17.5	1262.99
17.6	1269.14
17.7	1275.83
17.8	1282.41
17.9	1289.12
18	1295.66
18.1	1302.59
18.2	1308.52
18.3	1314.69
18.4	1320.62
18.5	1327.01
18.6	1333.38
18.7	1339.67
18.8	1346.26
18.9	1352.82
19	1358.9
19.1	1365.16
19.2	1371.45
19.3	1377.99
19.4	1384.08
19.5	1390.41
19.6	1397.17
19.7	1403.02
19.8	1408.99
19.9	1415.56
20	1423.97
20.1	1430.06
20.2	1435.95
20.3	1441.64
20.4	1447.43
20.5	1454.12
20.6	1460.4
20.7	1466.4
20.8	1472.95
20.9	1479.1
21	1485.18
21.1	1490.82
21.2	1496.64
21.3	1502.51
21.4	1508.38
21.5	1514.16
21.6	1520.94
21.7	1527.48
21.8	1533.44
21.9	1539.56
22	1545.92
22.1	1551.91
22.2	1557.98
22.3	1564.02
22.4	1569.84
22.5	1576.04
22.6	1582.04
22.7	1587.72
22.8	1593.49
22.9	1600.21
23	1605.71
23.1	1611.54
23.2	1618.31
23.3	1625.2
23.4	1631.37
23.5	1637.48
23.6	1643.32
23.7	1649.13
23.8	1655.67
23.9	1662.14
24	1668.69
24.1	1674.93
24.2	1681.09
24.3	1687.29
24.4	1693.77
24.5	1700.14
24.6	1706.7
24.7	1713.44
24.8	1719.1
24.9	1724.98
25	1733.66
25.1	1740.32
25.2	1746.68
25.3	1752.38
25.4	1758.43
25.5	1764.04
25.6	1769.87
25.7	1776.2
25.8	1782.86
25.9	1789.41
26	1795.88
26.1	1802.25
26.2	1808.67
26.3	1815.25
26.4	1822.04
26.5	1828.59
26.6	1835.19
26.7	1841.81
26.8	1848.3
26.9	1854.85
27	1861.47
27.1	1868.32
27.2	1874.96
27.3	1881.81
27.4	1888.11
27.5	1894.59
27.6	1901.11
27.7	1907.69
27.8	1914.25
27.9	1920.82
28	1927.39
28.1	1934.02
28.2	1940.77
28.3	1947.37
28.4	1953.93
28.5	1960.32
28.6	1967.13
28.7	1973.79
28.8	1980.26
28.9	1986.9
29	1993.5
29.1	1999.92
29.2	2006.75
29.3	2013.45
29.4	2020.01
29.5	2026.65
29.6	2033.17
29.7	2039.61
29.8	2046.03
29.9	2052.29
30	2061.33
30.1	2067.8
30.2	2074.34
30.3	2080.91
30.4	2087.58
30.5	2094.3
30.6	2100.97
30.7	2107.48
30.8	2114.08
30.9	2120.48
31	2126.89
31.1	2133.48
31.2	2140.09
31.3	2146.65
31.4	2153.35
31.5	2159.78
31.6	2166.15
31.7	2172.71
31.8	2179.36
31.9	2185.81
32	2192.69
32.1	2199.23
32.2	2206
32.3	2212.74
32.4	2219.28
32.5	2225.8
32.6	2232.56
32.7	2239.45
32.8	2246.12
32.9	2253
33	2259.73
33.1	2266.5
33.2	2273.28
33.3	2279.94
33.4	2286.45
33.5	2293.12
33.6	2299.85
33.7	2306.45
33.8	2313.37
33.9	2320
34	2326.63
34.1	2333.36
34.2	2339.93
34.3	2346.51
34.4	2353.09
34.5	2359.69
34.6	2366.14
34.7	2372.69
34.8	2379.2
34.9	2385.09
35	2394.05
35.1	2400.55
35.2	2406.98
35.3	2413.55
35.4	2420.16
35.5	2426.83
35.6	2433.49
35.7	2440.16
35.8	2446.75
35.9	2453.62
36	2460.3
36.1	2466.76
36.2	2473.55
36.3	2480.08
36.4	2486.75
36.5	2493.48
36.6	2500.16
36.7	2506.68
36.8	2513.56
36.9	2520.14
37	2526.73
37.1	2533.37
37.2	2539.4
37.3	2545.96
37.4	2552.65
37.5	2559.16
37.6	2565.71
37.7	2572.32
37.8	2578.84
37.9	2585.65
38	2592.4
38.1	2599.07
38.2	2605.6
38.3	2612.26
38.4	2618.97
38.5	2625.59
38.6	2632.28
38.7	2638.8
38.8	2645.38
38.9	2651.91
39	2658.45
39.1	2665.15
39.2	2671.84
39.3	2678.2
39.4	2684.28
39.5	2691.12
39.6	2697.74
39.7	2704.41
39.8	2711.16
39.9	2717.84
40	2726.77
40.1	2733.35
40.2	2739.88
40.3	2746.55
40.4	2753.35
40.5	2760.05
40.6	2766.8
40.7	2773.61
40.8	2780.42
40.9	2787.06
41	2793.81
41.1	2800.42
41.2	2807.08
41.3	2813.76
41.4	2820.36
41.5	2826.88
41.6	2833.12
41.7	2839.75
41.8	2846.4
41.9	2853
42	2859.53
42.1	2866.18
42.2	2872.85
42.3	2879.45
42.4	2886.01
42.5	2892.52
42.6	2898.96
42.7	2905.63
42.8	2912.3
42.9	2918.93
43	2925.44
43.1	2932.21
43.2	2938.77
43.3	2945.26
43.4	2951.85
43.5	2958.45
43.6	2965.03
43.7	2971.6
43.8	2977.75
43.9	2984.23
44	2990.95
44.1	2997.56
44.2	3004.3
44.3	3011.05
44.4	3017.76
44.5	3024.38
44.6	3030.96
44.7	3037.45
44.8	3044.35
44.9	3051.17
45	3060.29
45.1	3066.76
45.2	3073.4
45.3	3079.88
45.4	3086.23
45.5	3092.95
45.6	3099.54
45.7	3106.2
45.8	3112.96
45.9	3119.02
46	3125.71
46.1	3132.23
46.2	3138.79
46.3	3145.39
46.4	3152.14
46.5	3158.77
46.6	3165.46
46.7	3172.31
46.8	3179.04
46.9	3185.57
47	3192.26
47.1	3198.87
47.2	3205.44
47.3	3212.23
47.4	3219
47.5	3225.75
47.6	3232.63
47.7	3239.34
47.8	3245.85
47.9	3252.06
48	3258.58
48.1	3264.93
48.2	3271.63
48.3	3278.24
48.4	3284.76
48.5	3291.38
48.6	3297.9
48.7	3304.57
48.8	3311.27
48.9	3317.86
49	3324.45
49.1	3331.25
49.2	3337.78
49.3	3344.4
49.4	3350.97
49.5	3357.56
49.6	3364.1
49.7	3370.96
49.8	3377.22
49.9	3383.69
50	3392.85
50.1	3399.43
50.2	3406.02
50.3	3412.74
50.4	3419.55
50.5	3426.15
50.6	3432.75
50.7	3439.13
50.8	3445.68
50.9	3452.45
51	3458.93
51.1	3465.64
51.2	3472.51
51.3	3479.17
51.4	3485.75
51.5	3492.68
51.6	3498.85
51.7	3505.72
51.8	3512.64
51.9	3519.26
52	3526.07
52.1	3532.91
52.2	3539.39
52.3	3546.16
52.4	3552.91
52.5	3559.69
52.6	3566.38
52.7	3573.29
52.8	3579.93
52.9	3586.63
53	3593.41
53.1	3600.05
53.2	3606.64
53.3	3613.56
53.4	3619.68
53.5	3626.33
53.6	3633.14
53.7	3639.72
53.8	3646.33
53.9	3653.2
54	3659.88
54.1	3666.64
54.2	3673.38
54.3	3679.99
54.4	3686.54
54.5	3693.41
54.6	3699.92
54.7	3706.5
54.8	3713.49
54.9	3720.12
55	3729.23
55.1	3736.15
55.2	3742.86
55.3	3749.47
55.4	3755.65
55.5	3762.16
55.6	3768.79
55.7	3775.76
55.8	3782.38
55.9	3789.21
56	3796.07
56.1	3802.82
56.2	3809.68
56.3	3816.49
56.4	3823.13
56.5	3829.73
56.6	3836.45
56.7	3843.01
56.8	3849.46
56.9	3856.04
57	3862.58
57.1	3869.38
57.2	3875.88
57.3	3882.28
57.4	3888.79
57.5	3895.54
57.6	3901.5
57.7	3908.3
57.8	3915.22
57.9	3921.86
58	3928.61
58.1	3935.44
58.2	3941.96
58.3	3948.66
58.4	3955.34
58.5	3961.97
58.6	3968.7
58.7	3975.43
58.8	3982.14
58.9	3988.72
59	3995.33
59.1	4001.72
59.2	4008.19
59.3	4014.98
59.4	4021.44
59.5	4028.27
59.6	4035.13
59.7	4041.26
59.8	4047.94
59.9	4054.42
60	4063.33
60.1	4069.96
60.2	4076.41
60.3	4083.07
60.4	4089.76
60.5	4096.41
60.6	4103.03
60.7	4109.8
60.8	4116.38
60.9	4123.23
61	4129.83
61.1	4136.44
61.2	4143.21
61.3	4149.91
61.4	4156.37
61.5	4162.92
61.6	4169.39
61.7	4176
61.8	4182.56
61.9	4188.64
62	4195.14
62.1	4201.69
62.2	4208.32
62.3	4214.97
62.4	4221.67
62.5	4227.99
62.6	4234.68
62.7	4241.07
62.8	4247.59
62.9	4254.14
63	4260.62
63.1	4267.1
63.2	4273.51
63.3	4279.97
63.4	4286.6
63.5	4293.16
63.6	4299.77
63.7	4306.47
63.8	4313.21
63.9	4319.64
64	4326.49
64.1	4333
64.2	4338.94
64.3	4345.35
64.4	4351.92
64.5	4358.38
64.6	4365.06
64.7	4371.59
64.8	4378.02
64.9	4384.65
65	4393.43
65.1	4399.98
65.2	4406.45
65.3	4413.04
65.4	4419.49
65.5	4426.02
65.6	4432.51
65.7	4439.05
65.8	4445.65
65.9	4452.3
66	4458.86
66.1	4465.66
66.2	4472.33
66.3	4479.11
66.4	4485.68
66.5	4492.47
66.6	4499.05
66.7	4505.55
66.8	4512.12
66.9	4518.72
67	4525.3
67.1	4531.75
67.2	4538.49
67.3	4545.13
67.4	4551.84
67.5	4558.61
67.6	4565.13
67.7	4571.78
67.8	4578.69
67.9	4585.39
68	4592.23
68.1	4598.79
68.2	4605.4
68.3	4611.98
68.4	4618.65
68.5	4625.1
68.6	4631.54
68.7	4638.03
68.8	4644.54
68.9	4651.01
69	4657.67
69.1	4663.88
69.2	4670.51
69.3	4677.84
69.4	4684.53
69.5	4691.3
69.6	4697.82
69.7	4704.37
69.8	4710.9
69.9	4717.57
70	4726.48
70.1	4733.28
70.2	4739.94
70.3	4746.58
70.4	4753.05
70.5	4759.53
70.6	4766.28
70.7	4772.96
70.8	4779.64
70.9	4786.19
71	4792.83
71.1	4799.67
71.2	4806.35
71.3	4813.16
71.4	4819.79
71.5	4826.2
71.6	4832.82
71.7	4839.54
71.8	4846.24
71.9	4853.11
72	4859.81
72.1	4866.58
72.2	4873.08
72.3	4879.76
72.4	4886.32
72.5	4892.69
72.6	4899.19
72.7	4905.69
72.8	4912.23
72.9	4918.69
73	4925.25
73.1	4931.7
73.2	4938.18
73.3	4944.71
73.4	4951.2
73.5	4957.66
73.6	4964.01
73.7	4970.45
73.8	4976.82
73.9	4983.32
74	4988.44
74.1	4994.21
74.2	5000
74.3	5005.53
74.4	5012.21
74.5	5018.72
74.6	5025.06
74.7	5031.64
74.8	5038.06
74.9	5044.47
75	5053.09
75.1	5059.37
75.2	5065.71
75.3	5072.02
75.4	5078.29
75.5	5084.56
75.6	5090.85
75.7	5097.17
75.8	5103.69
75.9	5110.17
76	5116.7
76.1	5123.06
76.2	5129.55
76.3	5136.04
76.4	5142.47
76.5	5148.94
76.6	5155.33
76.7	5161.84
76.8	5168.31
76.9	5174.62
77	5181.13
77.1	5186.75
77.2	5192.35
77.3	5198.83
77.4	5204.86
77.5	5211.06
77.6	5216.55
77.7	5222.01
77.8	5227.5
77.9	5232.93
78	5238.48
78.1	5244.4
78.2	5250.81
78.3	5257.17
78.4	5262.99
78.5	5268.54
78.6	5275.2
78.7	5280.68
78.8	5286.47
78.9	5292.89
79	5299.08
79.1	5304.68
79.2	5310.1
79.3	5315.63
79.4	5321.1
79.5	5327.69
79.6	5334.27
79.7	5340.65
79.8	5346.62
79.9	5352.11
80	5360.15
80.1	5365.76
80.2	5372.38
80.3	5378.79
80.4	5385.14
80.5	5391.46
80.6	5397.07
80.7	5402.7
80.8	5409.08
80.9	5415.19
81	5420.84
81.1	5426.4
81.2	5432.59
81.3	5438.55
81.4	5444.26
81.5	5449.93
81.6	5455.48
81.7	5462.04
81.8	5468.44
81.9	5474.54
82	5479.8
82.1	5485.53
82.2	5491.17
82.3	5496.98
82.4	5503.31
82.5	5509
82.6	5514.83
82.7	5521.37
82.8	5527.07
82.9	5532.7
83	5539.25
83.1	5544.96
83.2	5550.69
83.3	5557.31
83.4	5563
83.5	5568.93
83.6	5575.41
83.7	5582.79
83.8	5588.56
83.9	5594.5
84	5601.37
84.1	5607.03
84.2	5612.72
84.3	5619.24
84.4	5625.21
84.5	5630.79
84.6	5636.94
84.7	5642.6
84.8	5648.45
84.9	5654.87
85	5662.91
85.1	5668.29
85.2	5674.77
85.3	5680.18
85.4	5685.72
85.5	5691.88
85.6	5697.19
85.7	5702.82
85.8	5708.39
85.9	5714.09
86	5720.43
86.1	5726.12
86.2	5731.87
86.3	5738.44
86.4	5743.97
86.5	5749.77
86.6	5756.15
86.7	5761.84
86.8	5767.31
86.9	5774.02
87	5779.47
87.1	5785.13
87.2	5791.59
87.3	5796.63
87.4	5801.98
87.5	5808.54
87.6	5814.07
87.7	5819.64
87.8	5825.83
87.9	5831.37
88	5836.91
88.1	5843.53
88.2	5849.25
88.3	5854.81
88.4	5861.22
88.5	5866.71
88.6	5872.38
88.7	5878.91
88.8	5884.49
88.9	5890.09
89	5896.59
89.1	5902.08
89.2	5907.97
89.3	5914.2
89.4	5920.03
89.5	5925.53
89.6	5931.76
89.7	5937.15
89.8	5942.69
89.9	5949.14
90	5956.94
90.1	5962.37
90.2	5968.62
90.3	5974.1
90.4	5979.68
90.5	5986.06
90.6	5991.58
90.7	5997
90.8	6002.93
90.9	6008.69
91	6014.01
91.1	6019.28
91.2	6024.78
91.3	6030.97
91.4	6036.36
91.5	6041.94
91.6	6048.29
91.7	6053.74
91.8	6059.19
91.9	6065.64
92	6071.27
92.1	6076.94
92.2	6083.03
92.3	6087.99
92.4	6092.81
92.5	6097.56
92.6	6102.79
92.7	6107.71
92.8	6112.55
92.9	6117.32
93	6121.92
93.1	6126.63
93.2	6131.48
93.3	6136.38
93.4	6141.08
93.5	6146.08
93.6	6151.1
93.7	6155.97
93.8	6161.39
93.9	6166.27
94	6171.29
94.1	6176.28
94.2	6181.1
94.3	6185.95
94.4	6190.97
94.5	6196.02
94.6	6201.12
94.7	6206.24
94.8	6211.13
94.9	6216.09
95	6223.32
95.1	6228.31
95.2	6233.1
95.3	6238.05
95.4	6243.04
95.5	6247.78
95.6	6252.51
95.7	6257.77
95.8	6262.64
95.9	6267.49
96	6272.41
96.1	6277.41
96.2	6282.51
96.3	6287.38
96.4	6292.17
96.5	6297.14
96.6	6301.89
96.7	6306.86
96.8	6311.65
96.9	6316.5
97	6321.34
97.1	6326.26
97.2	6330.96
97.3	6335.85
97.4	6340.69
97.5	6345.38
97.6	6350.17
97.7	6355.2
97.8	6359.92
97.9	6364.82
98	6369.78
98.1	6374.48
98.2	6379.29
98.3	6384.15
98.4	6388.78
98.5	6393.71
98.6	6398.61
98.7	6403.45
98.8	6408.6
98.9	6413.59
99	6418.5
99.1	6423.35
99.2	6428.22
99.3	6432.88
99.4	6438.07
99.5	6442.46
99.6	6447.09
99.7	6452.16
99.8	6457.12
99.9	6462.13
100	6469.34
100.1	6474.12
100.2	6479.14
100.3	6484.06
100.4	6488.85
100.5	6493.77
100.6	6498.72
100.7	6503.42
100.8	6508.38
100.9	6513.26
101	6518.09
101.1	6523.15
101.2	6528.01
101.3	6532.99
101.4	6538.26
101.5	6543.18
101.6	6547.84
101.7	6552.83
101.8	6557.71
101.9	6562.74
102	6568.04
102.1	6573.14
102.2	6577.98
102.3	6582.85
102.4	6587.97
102.5	6592.99
102.6	6598.14
102.7	6602.86
102.8	6607.5
102.9	6612.36
103	6617.23
103.1	6622.29
103.2	6627.29
103.3	6632.26
103.4	6637.11
103.5	6641.96
103.6	6646.63
103.7	6651.5
103.8	6656.17
103.9	6660.9
104	6665.57
104.1	6670.4
104.2	6675.04
104.3	6679.9
104.4	6684.7
104.5	6689.46
104.6	6694.25
104.7	6699.22
104.8	6703.83
104.9	6708.64
105	6715.77
105.1	6720.46
105.2	6725.41
105.3	6730.28
105.4	6735.33
105.5	6740.39
105.6	6745.27
105.7	6749.78
105.8	6754.84
105.9	6759.6
106	6764.38
106.1	6768.78
106.2	6773.52
106.3	6778.2
106.4	6783.22
106.5	6788.25
106.6	6793.04
106.7	6797.95
106.8	6802.77
106.9	6807.58
107	6812.47
107.1	6817.26
107.2	6822.04
107.3	6826.9
107.4	6831.61
107.5	6836.24
107.6	6841.25
107.7	6846.1
107.8	6850.89
107.9	6855.91
108	6860.69
108.1	6865.32
108.2	6870.31
108.3	6875.14
108.4	6879.83
108.5	6884.7
108.6	6889.55
108.7	6894.3
108.8	6899.25
108.9	6903.9
109	6908.52
109.1	6913.4
109.2	6918.3
109.3	6923.08
109.4	6928.01
109.5	6932.27
109.6	6937.03
109.7	6942.07
109.8	6946.94
109.9	6951.54
110	6958.92
110.1	6963.94
110.2	6968.92
110.3	6973.69
110.4	6978.55
110.5	6983.55
110.6	6988.25
110.7	6992.88
110.8	6997.84
110.9	7002.42
111	7007.35
111.1	7012.2
111.2	7017.02
111.3	7021.7
111.4	7026.56
111.5	7031.26
111.6	7036.01
111.7	7041
111.8	7045.88
111.9	7050.56
112	7055.44
112.1	7060.17
112.2	7065.03
112.3	7069.73
112.4	7074.58
112.5	7079.67
112.6	7084.46
112.7	7089.08
112.8	7093.89
112.9	7098.5
113	7103.31
113.1	7108.04
113.2	7112.87
113.3	7117.64
113.4	7122.49
113.5	7127.29
113.6	7132.05
113.7	7136.62
113.8	7141.42
113.9	7146.13
114	7150.76
114.1	7155.36
114.2	7160.05
114.3	7164.64
114.4	7169.42
114.5	7174.35
114.6	7179.1
114.7	7183.92
114.8	7188.54
114.9	7193.38
115	7200.39
115.1	7205.2
115.2	7209.99
115.3	7214.67
115.4	7219.58
115.5	7224.43
115.6	7229.2
115.7	7234.02
115.8	7238.92
115.9	7243.6
116	7248.74
116.1	7253.59
116.2	7258.07
116.3	7263.12
116.4	7268.1
116.5	7272.97
116.6	7277.8
116.7	7282.8
116.8	7287.6
116.9	7292.72
117	7297.55
117.1	7302.59
117.2	7307.44
117.3	7312.73
117.4	7317.57
117.5	7322.44
117.6	7327.45
117.7	7332.38
117.8	7337.03
117.9	7341.98
118	7346.78
118.1	7351.51
118.2	7356.28
118.3	7361.2
118.4	7365.84
118.5	7370.6
118.6	7375.63
118.7	7380.42
118.8	7385.3
118.9	7390.06
119	7395.07
119.1	7399.89
119.2	7404.89
119.3	7410
119.4	7414.87
119.5	7419.61
119.6	7424.09
119.7	7429
119.8	7433.86
119.9	7438.79
120	7446.3
120.1	7451.21
120.2	7455.91
120.3	7460.92
120.4	7465.98
120.5	7470.94
120.6	7475.73
120.7	7480.61
120.8	7485.31
120.9	7490.03
121	7494.57
121.1	7499.19
121.2	7503.92
121.3	7508.6
121.4	7513.46
121.5	7518.53
121.6	7523.42
121.7	7528.13
121.8	7533.08
121.9	7537.75
122	7542.6
122.1	7547.41
122.2	7552.25
122.3	7557.4
122.4	7562.29
122.5	7566.89
122.6	7571.79
122.7	7576.5
122.8	7581.46
122.9	7586.02
123	7590.42
123.1	7595.56
123.2	7600.27
123.3	7604.93
123.4	7609.72
123.5	7614.51
123.6	7619.17
123.7	7623.93
123.8	7628.72
123.9	7633.36
124	7638.17
124.1	7643.22
124.2	7648.08
124.3	7652.72
124.4	7657.63
124.5	7662.13
124.6	7666.9
124.7	7671.53
124.8	7676.41
124.9	7681.22
125	7688.26
125.1	7693.23
125.2	7697.94
125.3	7702.81
125.4	7707.81
125.5	7712.52
125.6	7717.1
125.7	7721.9
125.8	7726.85
125.9	7731.74
126	7736.46
126.1	7741.29
126.2	7746.16
126.3	7750.8
126.4	7755.2
126.5	7760.14
126.6	7764.82
126.7	7769.46
126.8	7774.34
126.9	7779.18
127	7783.83
127.1	7788.72
127.2	7793.66
127.3	7798.37
127.4	7803.38
127.5	7807.93
127.6	7812.62
127.7	7817.4
127.8	7822.19
127.9	7826.88
128	7831.77
128.1	7836.45
128.2	7841.28
128.3	7845.93
128.4	7850.46
128.5	7855.23
128.6	7860.25
128.7	7864.8
128.8	7869.47
128.9	7874.28
129	7879.07
129.1	7884.03
129.2	7888.68
129.3	7893.52
129.4	7898.25
129.5	7903.05
129.6	7907.69
129.7	7912.36
129.8	7916.8
129.9	7921.55
130	7928.56
130.1	7933.36
130.2	7938.16
130.3	7942.93
130.4	7947.65
130.5	7952.38
130.6	7957.1
130.7	7961.98
130.8	7966.98
130.9	7971.79
131	7976.92
131.1	7981.66
131.2	7986.43
131.3	7991.15
131.4	7995.79
131.5	8000.69
131.6	8005.32
131.7	8010.04
131.8	8015
131.9	8019.63
132	8024.29
132.1	8028.58
132.2	8033.43
132.3	8037.9
132.4	8042.73
132.5	8047.5
132.6	8052.42
132.7	8057.19
132.8	8061.99
132.9	8066.54
133	8071.15
133.1	8075.76
133.2	8079.86
133.3	8084.57
133.4	8089.06
133.5	8093.64
133.6	8098.07
133.7	8102.53
133.8	8107.14
133.9	8111.61
134	8116.1
134.1	8120.81
134.2	8125.39
134.3	8130.07
134.4	8134.56
134.5	8139.04
134.6	8143.62
134.7	8148.18
134.8	8152.85
134.9	8157.44
135	8164.61
135.1	8169.23
135.2	8173.75
135.3	8178.42
135.4	8182.86
135.5	8187.46
135.6	8191.96
135.7	8196.58
135.8	8201.23
135.9	8205.81
136	8210.49
136.1	8215.02
136.2	8219.49
136.3	8224.16
136.4	8228.62
136.5	8233.31
136.6	8237.76
136.7	8242.16
136.8	8246.62
136.9	8251.45
137	8256.16
137.1	8260.85
137.2	8265.55
137.3	8270.02
137.4	8274.55
137.5	8279.41
137.6	8284.13
137.7	8289.04
137.8	8293.78
137.9	8298.63
138	8303.12
138.1	8307.75
138.2	8312.47
138.3	8317.11
138.4	8321.63
138.5	8326.27
138.6	8330.88
138.7	8335.41
138.8	8340.13
138.9	8344.61
139	8349.15
139.1	8353.68
139.2	8358.32
139.3	8363
139.4	8367.44
139.5	8372.07
139.6	8376.62
139.7	8380.98
139.8	8385.35
139.9	8389.79
140	8396.54
140.1	8401.14
140.2	8405.29
140.3	8409.93
140.4	8414.26
140.5	8418.64
140.6	8423.15
140.7	8427.66
140.8	8432.29
140.9	8436.92
141	8441.73
141.1	8446.2
141.2	8450.78
141.3	8455.28
141.4	8459.79
141.5	8464.29
141.6	8468.84
141.7	8473.53
141.8	8478.17
141.9	8482.79
142	8487.26
142.1	8491.81
142.2	8496.5
142.3	8501.04
142.4	8505.51
142.5	8510.11
142.6	8514.8
142.7	8519.43
142.8	8524.11
142.9	8528.75
143	8533.35
143.1	8537.89
143.2	8542.42
143.3	8546.97
143.4	8551.36
143.5	8555.96
143.6	8560.47
143.7	8565.08
143.8	8569.11
143.9	8573.77
144	8578.36
144.1	8582.89
144.2	8587.42
144.3	8592.14
144.4	8596.83
144.5	8601.35
144.6	8605.88
144.7	8610.58
144.8	8615.28
144.9	8619.96
145	8626.64
145.1	8631.12
145.2	8635.65
145.3	8640
145.4	8644.5
145.5	8648.94
145.6	8653.38
145.7	8657.83
145.8	8662.45
145.9	8666.98
146	8671.48
146.1	8675.85
146.2	8680.25
146.3	8684.87
146.4	8689.52
146.5	8693.97
146.6	8698.73
146.7	8703.32
146.8	8707.99
146.9	8712.73
147	8717.23
147.1	8721.69
147.2	8726.11
147.3	8730.43
147.4	8735.48
147.5	8740.43
147.6	8745.31
147.7	8750.26
147.8	8755.79
147.9	8761.36
148	8767.33
148.1	8773.27
148.2	8778.12
148.3	8782.93
148.4	8787.86
148.5	8793
148.6	8797.88
148.7	8802.7
148.8	8807.43
148.9	8812.21
149	8817.28
149.1	8822.2
149.2	8826.92
149.3	8831.92
149.4	8836.71
149.5	8841.53
149.6	8846.16
149.7	8851.25
149.8	8856.15
149.9	8860.98
150	8868.22
150.1	8873.05
150.2	8877.54
150.3	8882.46
150.4	8886.79
150.5	8891.43
150.6	8896.44
150.7	8901.33
150.8	8906.05
150.9	8910.97
151	8915.81
151.1	8920.55
151.2	8925.49
151.3	8930.53
151.4	8935.39
151.5	8940.38
151.6	8945.26
151.7	8949.97
151.8	8954.84
151.9	8959.87
152	8964.57
152.1	8969.38
152.2	8974.29
152.3	8978.97
152.4	8983.89
152.5	8988.73
152.6	8993.54
152.7	8998.45
152.8	9003.3
152.9	9007.92
153	9012.9
153.1	9017.77
153.2	9022.72
153.3	9027.79
153.4	9033.23
153.5	9038.88
153.6	9043.95
153.7	9050.37
153.8	9056.06
153.9	9061.32
154	9067.42
154.1	9072.88
154.2	9078.12
154.3	9084.41
154.4	9089.64
154.5	9094.97
154.6	9099.72
154.7	9104.64
154.8	9110.04
154.9	9116.52
155	9124.16
155.1	9129.14
155.2	9134.7
155.3	9140.25
155.4	9146.31
155.5	9152.78
155.6	9159.21
155.7	9164.23
155.8	9169.1
155.9	9174.69
156	9181.01
156.1	9187.55
156.2	9193.93
156.3	9200.44
156.4	9206.25
156.5	9212.7
156.6	9218.96
156.7	9225.08
156.8	9231.38
156.9	9237.64
157	9244.03
157.1	9250.28
157.2	9256.56
157.3	9262.87
157.4	9269.21
157.5	9275.65
157.6	9282.02
157.7	9288.25
157.8	9294.74
157.9	9301.09
158	9307.56
158.1	9313.94
158.2	9320.37
158.3	9326.84
158.4	9333.18
158.5	9339.36
158.6	9345.7
158.7	9351.94
158.8	9358.03
158.9	9363.89
159	9370.33
159.1	9376.52
159.2	9382.7
159.3	9389.2
159.4	9395.6
159.5	9401.94
159.6	9408.18
159.7	9414.44
159.8	9420.73
159.9	9427.19
160	9436.01
160.1	9442.64
160.2	9449.02
160.3	9455.48
160.4	9461.8
160.5	9468.22
160.6	9474.56
160.7	9481.06
160.8	9487.41
160.9	9493.91
161	9500.32
161.1	9506.74
161.2	9513.07
161.3	9519.54
161.4	9525.62
161.5	9531.91
161.6	9538.29
161.7	9544.79
161.8	9551.17
161.9	9557.65
162	9564.22
162.1	9570.5
162.2	9576.74
162.3	9583.12
162.4	9589.34
162.5	9595.54
162.6	9602.01
162.7	9608.32
162.8	9614.55
162.9	9621.02
163	9627.35
163.1	9633.68
163.2	9640.09
163.3	9646.28
163.4	9652.69
163.5	9659.09
163.6	9665.36
163.7	9671.58
163.8	9678.14
163.9	9683.88
164	9690.1
164.1	9696.43
164.2	9702.61
164.3	9708.76
164.4	9715.36
164.5	9721.69
164.6	9728.12
164.7	9734.58
164.8	9741.02
164.9	9747.34
165	9756.35
165.1	9762.75
165.2	9769.09
165.3	9775.7
165.4	9781.9
165.5	9788.36
165.6	9794.93
165.7	9801.38
165.8	9807.54
165.9	9813.89
166	9820.09
166.1	9826.33
166.2	9832.83
166.3	9839.18
166.4	9844.91
166.5	9851.61
166.6	9857.76
166.7	9863.9
166.8	9870.56
166.9	9877.04
167	9883.43
167.1	9890.15
167.2	9896.58
167.3	9903.03
167.4	9909.64
167.5	9916.12
167.6	9922.37
167.7	9928.94
167.8	9935.36
167.9	9941.56
168	9947.99
168.1	9954.23
168.2	9960.45
168.3	9966.79
168.4	9973.03
168.5	9979.14
168.6	9985.64
168.7	9992.12
168.8	9998.44
168.9	10004.7
169	10011.1
169.1	10017.4
169.2	10023.9
169.3	10030.3
169.4	10036.8
169.5	10043.2
169.6	10049.5
169.7	10055.8
169.8	10062.5
169.9	10068.9
170	10077.7
170.1	10084.4
170.2	10090.8
170.3	10097
170.4	10103.5
170.5	10109.8
170.6	10115.9
170.7	10122.2
170.8	10130.2
170.9	10137.6
171	10144.2
171.1	10150.5
171.2	10156.7
171.3	10162.8
171.4	10169.3
171.5	10175.5
171.6	10182.2
171.7	10188.4
171.8	10194.6
171.9	10201.1
172	10207.3
172.1	10213.4
172.2	10220
172.3	10226.1
172.4	10232.2
172.5	10238.6
172.6	10244.9
172.7	10251.2
172.8	10257.6
172.9	10263.9
173	10270
173.1	10276.6
173.2	10282.8
173.3	10289
173.4	10295.4
173.5	10301.8
173.6	10307.9
173.7	10314.5
173.8	10320.8
173.9	10326.5
174	10332.9
174.1	10339.2
174.2	10345.4
174.3	10351.9
174.4	10358.2
174.5	10364.4
174.6	10371
174.7	10377.4
174.8	10383.6
174.9	10390
175	10398.7
175.1	10404.9
175.2	10411.3
175.3	10417.7
175.4	10423.9
175.5	10430.5
175.6	10436.8
175.7	10443
175.8	10449.6
175.9	10455.9
176	10462.4
176.1	10468.9
176.2	10475
176.3	10481.3
176.4	10487.5
176.5	10493.9
176.6	10500.3
176.7	10506.8
176.8	10513.2
176.9	10519.6
177	10525.8
177.1	10532.4
177.2	10538.6
177.3	10545.1
177.4	10551.3
177.5	10557.8
177.6	10564
177.7	10570.5
177.8	10576.7
177.9	10583.3
178	10589.6
178.1	10596.2
178.2	10602.5
178.3	10609.1
178.4	10615.3
178.5	10621.8
178.6	10628
178.7	10634.4
178.8	10640.6
178.9	10646.6
179	10652.8
179.1	10659.4
179.2	10665.7
179.3	10672.4
179.4	10678.7
179.5	10685.1
179.6	10691.6
179.7	10697.9
179.8	10704.3
179.9	10710.6
180	10719.5
180.1	10726
180.2	10732.8
180.3	10739.1
180.4	10745.7
180.5	10752
180.6	10758.4
180.7	10764.6
180.8	10771
180.9	10777.2
181	10783.6
181.1	10789.9
181.2	10796.7
181.3	10802.7
181.4	10808.6
181.5	10815
181.6	10821.4
181.7	10827.8
181.8	10834.3
181.9	10840.7
182	10847.3
182.1	10853.6
182.2	10860.2
182.3	10866.5
182.4	10873
182.5	10879.2
182.6	10885.7
182.7	10891.9
182.8	10898.2
182.9	10904.4
183	10910.9
183.1	10917.2
183.2	10923.8
183.3	10930.1
183.4	10936.7
183.5	10943
183.6	10949.7
183.7	10956
183.8	10962.4
183.9	10968.3
184	10974.8
184.1	10980.8
184.2	10987.3
184.3	10993.4
184.4	10999.8
184.5	11005.9
184.6	11012.2
184.7	11018.6
184.8	11025
184.9	11031.2
185	11040.1
185.1	11046.3
185.2	11052.7
185.3	11058.9
185.4	11065.4
185.5	11071.7
185.6	11078.2
185.7	11084.4
185.8	11091
185.9	11097.2
186	11103.5
186.1	11109.7
186.2	11116.4
186.3	11122.6
186.4	11128.9
186.5	11134.8
186.6	11141.4
186.7	11147.8
186.8	11154.4
186.9	11160.5
187	11167.2
187.1	11173.6
187.2	11180.3
187.3	11186.5
187.4	11193.2
187.5	11199.4
187.6	11206
187.7	11212.3
187.8	11218.8
187.9	11225
188	11231.5
188.1	11237.6
188.2	11243.9
188.3	11250.2
188.4	11256.7
188.5	11262.9
188.6	11269.4
188.7	11275.6
188.8	11282.1
188.9	11288.3
189	11294.4
189.1	11300.5
189.2	11306.9
189.3	11313.1
189.4	11319.6
189.5	11325.7
189.6	11332.1
189.7	11338.4
189.8	11344.9
189.9	11351.2
190	11360.1
190.1	11366.3
190.2	11373
190.3	11379.1
190.4	11385.7
190.5	11392
190.6	11398.6
190.7	11404.9
190.8	11411.3
190.9	11417.4
191	11423.8
191.1	11430
191.2	11436.3
191.3	11442.5
191.4	11448.9
191.5	11455.1
191.6	11461.3
191.7	11467.5
191.8	11474.1
191.9	11480.3
192	11486.8
192.1	11493.1
192.2	11499.6
192.3	11505.7
192.4	11512.2
192.5	11518.4
192.6	11524.8
192.7	11531
192.8	11537.4
192.9	11543.8
193	11550.3
193.1	11556.6
193.2	11563.1
193.3	11569.3
193.4	11576
193.5	11582.3
193.6	11588.9
193.7	11595.3
193.8	11602
193.9	11608.2
194	11614.9
194.1	11620.7
194.2	11627.5
194.3	11633.7
194.4	11640.4
194.5	11646.6
194.6	11653.4
194.7	11659.6
194.8	11666.3
194.9	11672.6
195	11681.5
195.1	11688
195.2	11694.5
195.3	11700.8
195.4	11707.4
195.5	11713.8
195.6	11720.2
195.7	11726.6
195.8	11733.2
195.9	11739.4
196	11745.8
196.1	11752.3
196.2	11758.9
196.3	11765
196.4	11771.7
196.5	11777.9
196.6	11784.1
196.7	11790.6
196.8	11797.3
196.9	11803.6
197	11810.3
197.1	11816.8
197.2	11823.5
197.3	11829.9
197.4	11836.5
197.5	11842.8
197.6	11849.4
197.7	11855.8
197.8	11862.5
197.9	11868.9
198	11875.4
198.1	11881.8
198.2	11888.4
198.3	11894.8
198.4	11901.1
198.5	11907.4
198.6	11913.8
198.7	11920
198.8	11926.6
198.9	11932.9
199	11939.5
199.1	11945.9
199.2	11952
199.3	11958.5
199.4	11965.1
199.5	11971.6
199.6	11978.2
199.7	11984.8
199.8	11991.4
199.9	11997.7
200	12006.5
200.1	12012.9
200.2	12019.6
200.3	12025.8
200.4	12032.2
200.5	12038.6
200.6	12045.1
200.7	12051.5
200.8	12057.9
200.9	12064.5
201	12070.9
201.1	12077.4
201.2	12083.8
201.3	12090.1
201.4	12096.3
201.5	12102.8
201.6	12109
201.7	12115
201.8	12121.4
201.9	12127.8
202	12134.1
202.1	12140.4
202.2	12146.7
202.3	12153.1
202.4	12159.5
202.5	12165.7
202.6	12172.1
202.7	12178.5
202.8	12184.9
202.9	12191.3
203	12197.7
203.1	12204.3
203.2	12210.6
203.3	12217
203.4	12223.4
203.5	12229.7
203.6	12236.1
203.7	12242.6
203.8	12248.9
203.9	12255.4
204	12261.9
204.1	12268.3
204.2	12274.8
204.3	12280.6
204.4	12287.1
204.5	12293.5
204.6	12299.8
204.7	12306.1
204.8	12312.7
204.9	12319.1
205	12327.8
205.1	12334.6
205.2	12341
205.3	12347.4
205.4	12353.9
205.5	12360.3
205.6	12367
205.7	12373.4
205.8	12379.9
205.9	12386.5
206	12393.2
206.1	12399.8
206.2	12406.3
206.3	12413
206.4	12419.5
206.5	12426
206.6	12432.3
206.7	12438.7
206.8	12445.2
206.9	12451.2
207	12457.7
207.1	12464.3
207.2	12470.9
207.3	12477.5
207.4	12484.1
207.5	12490.5
207.6	12496.8
207.7	12503.1
207.8	12509.5
207.9	12515.9
208	12522.4
208.1	12528.9
208.2	12535.5
208.3	12542
208.4	12548.4
208.5	12554.8
208.6	12561.1
208.7	12567.6
208.8	12573.9
208.9	12580.5
209	12586.8
209.1	12593.1
209.2	12599.5
209.3	12605.8
209.4	12612.2
209.5	12618.3
209.6	12624.6
209.7	12631.1
209.8	12637.6
209.9	12644.1
210	12652.9
210.1	12659.2
210.2	12665.5
210.3	12671.8
210.4	12678.1
210.5	12684.6
210.6	12690.9
210.7	12697.2
210.8	12703.5
210.9	12709.7
211	12716.1
211.1	12722.5
211.2	12729
211.3	12735.3
211.4	12741.9
211.5	12748.3
211.6	12754.5
211.7	12760.9
211.8	12767.4
211.9	12773.7
212	12780
212.1	12786.5
212.2	12792.4
212.3	12798.8
212.4	12805.2
212.5	12811.6
212.6	12817.9
212.7	12824.2
212.8	12830.6
212.9	12837
213	12843.4
213.1	12849.8
213.2	12856.1
213.3	12862.4
213.4	12868.7
213.5	12875
213.6	12881.5
213.7	12888
213.8	12894.5
213.9	12900.9
214	12907.4
214.1	12913.9
214.2	12920.4
214.3	12926.9
214.4	12933.3
214.5	12939.9
214.6	12946.4
214.7	12952.7
214.8	12958.8
214.9	12965.2
215	12974
215.1	12980.4
215.2	12986.8
215.3	12993
215.4	12999.5
215.5	13006
215.6	13012.4
215.7	13018.8
215.8	13025.3
215.9	13031.6
216	13038
216.1	13044.3
216.2	13050.7
216.3	13057.2
216.4	13063.6
216.5	13070
216.6	13076.6
216.7	13083
216.8	13089.5
216.9	13095.8
217	13102.3
217.1	13108.7
217.2	13115
217.3	13121.4
217.4	13127.4
217.5	13133.8
217.6	13140.2
217.7	13146.7
217.8	13153.1
217.9	13159.6
218	13166
218.1	13172.4
218.2	13178.8
218.3	13185.2
218.4	13191.9
218.5	13198.3
218.6	13204.7
218.7	13211.2
218.8	13217.5
218.9	13223.9
219	13230.5
219.1	13237
219.2	13243.4
219.3	13249.9
219.4	13256.3
219.5	13262.9
219.6	13269.3
219.7	13275.6
219.8	13282.2
219.9	13288.7
220	13297.6
220.1	13303.9
220.2	13310.3
220.3	13316.9
220.4	13323.2
220.5	13329.6
220.6	13336.2
220.7	13342.7
220.8	13349.2
220.9	13355.7
221	13362.2
221.1	13368.8
221.2	13375.3
221.3	13381.8
221.4	13388.3
221.5	13394.8
221.6	13401.2
221.7	13407.8
221.8	13414.3
221.9	13420.9
222	13427.3
222.1	13433.9
222.2	13440.3
222.3	13446.8
222.4	13453.3
222.5	13459.8
222.6	13466.4
222.7	13472.3
222.8	13478.8
222.9	13485.3
223	13491.9
223.1	13498.3
223.2	13504.7
223.3	13511.2
223.4	13517.6
223.5	13524.1
223.6	13530.4
223.7	13536.9
223.8	13543.4
223.9	13549.8
224	13556.2
224.1	13562.6
224.2	13569
224.3	13575.5
224.4	13582.1
224.5	13588.6
224.6	13595.1
224.7	13601.7
224.8	13608.2
224.9	13614.6
225	13623.3
225.1	13629.8
225.2	13636.2
225.3	13642.7
225.4	13648.7
225.5	13655.3
225.6	13661.7
225.7	13668.2
225.8	13674.7
225.9	13681.1
226	13687.5
226.1	13693.8
226.2	13700.2
226.3	13706.6
226.4	13713.1
226.5	13719.5
226.6	13726
226.7	13732.6
226.8	13739
226.9	13745.2
227	13751.5
227.1	13758
227.2	13764.4
227.3	13770.9
227.4	13777.4
227.5	13783.8
227.6	13790.1
227.7	13796.7
227.8	13803.1
227.9	13809.5
228	13816.1
228.1	13822
228.2	13828.5
228.3	13834.9
228.4	13841.3
228.5	13847.8
228.6	13854.2
228.7	13860.4
228.8	13866.7
228.9	13873
229	13879.4
229.1	13885.8
229.2	13892.1
229.3	13898.5
229.4	13904.9
229.5	13911.4
229.6	13917.8
229.7	13924.1
229.8	13930.4
229.9	13936.9
230	13945.5
230.1	13952
230.2	13958.5
230.3	13964.9
230.4	13971.3
230.5	13977.8
230.6	13984.1
230.7	13990.5
230.8	13996.5
230.9	14002.9
231	14009.2
231.1	14015.6
231.2	14022
231.3	14028.3
231.4	14034.6
231.5	14041.1
231.6	14047.4
231.7	14053.8
231.8	14060.2
231.9	14066.7
232	14073.1
232.1	14079.6
232.2	14085.9
232.3	14092.3
232.4	14098.5
232.5	14104.8
232.6	14111
232.7	14117.3
232.8	14123.7
232.9	14130.2
233	14136.5
233.1	14142.9
233.2	14149.2
233.3	14155.6
233.4	14162.1
233.5	14168
233.6	14174.4
233.7	14180.8
233.8	14187.2
233.9	14193.7
234	14200.1
234.1	14206.4
234.2	14212.9
234.3	14219.5
234.4	14226
234.5	14232.5
234.6	14238.9
234.7	14245.2
234.8	14251.7
234.9	14258.2
235	14266.8
235.1	14273.2
235.2	14279.6
235.3	14286
235.4	14292.3
235.5	14298.6
235.6	14305
235.7	14311.3
235.8	14317.6
235.9	14324
236	14330.5
236.1	14336.4
236.2	14342.8
236.3	14349.2
236.4	14355.6
236.5	14362.1
236.6	14368.5
236.7	14375.1
236.8	14381.5
236.9	14387.9
237	14394.4
237.1	14400.7
237.2	14407.1
237.3	14413.5
237.4	14419.9
237.5	14426.4
237.6	14432.8
237.7	14439.2
237.8	14445.7
237.9	14452
238	14458.7
238.1	14465.2
238.2	14471.6
238.3	14478.2
238.4	14484.7
238.5	14491.3
238.6	14497.8
238.7	14504.3
238.8	14510.8
238.9	14517
239	14523.6
239.1	14530.3
239.2	14536.8
239.3	14543.4
239.4	14550
239.5	14556.7
239.6	14563.2
239.7	14569.8
239.8	14576.4
239.9	14583
240	14591.9
240.1	14598.5
240.2	14605
240.3	14611.5
240.4	14617.8
240.5	14624.2
240.6	14630.8
240.7	14637.3
240.8	14643.8
240.9	14650.3
241	14656.7
241.1	14663.4
241.2	14669.9
241.3	14676.5
241.4	14683.2
241.5	14689.1
241.6	14695.7
241.7	14702.1
241.8	14708.5
241.9	14714.9
242	14721.4
242.1	14727.7
242.2	14734.1
242.3	14740.6
242.4	14747
242.5	14753.5
242.6	14759.9
242.7	14766.3
242.8	14772.6
242.9	14779.1
243	14785.6
243.1	14791.9
243.2	14798.5
243.3	14805
243.4	14811.4
243.5	14817.9
243.6	14824.3
243.7	14830.8
243.8	14837.1
243.9	14843.7
244	14850.2
244.1	14856.6
244.2	14863.1
244.3	14869.1
244.4	14875.4
244.5	14881.8
244.6	14888.2
244.7	14894.6
244.8	14901.1
244.9	14907.6
245	14916.2
245.1	14922.8
245.2	14929
245.3	14935.6
245.4	14941.9
245.5	14948.2
245.6	14954.7
245.7	14961.2
245.8	14967.6
245.9	14974.2
246	14980.7
246.1	14987
246.2	14993.4
246.3	14999.9
246.4	15006.3
246.5	15012.8
246.6	15019.1
246.7	15025.5
246.8	15032.1
246.9	15038.5
247	15044.8
247.1	15051
247.2	15057.2
247.3	15063.5
247.4	15069.7
247.5	15075.9
247.6	15082.2
247.7	15088.4
247.8	15094.8
247.9	15101
248	15107.4
248.1	15113.6
248.2	15119.9
248.3	15126.3
248.4	15132.8
248.5	15139.3
248.6	15145.8
248.7	15152.2
248.8	15158.9
248.9	15165.3
249	15171.9
249.1	15178.3
249.2	15184.8
249.3	15191.3
249.4	15197.6
249.5	15204.1
249.6	15210.6
249.7	15217.2
249.8	15223
249.9	15229.5
250	15238.3
250.1	15244.8
250.2	15251.1
250.3	15257.6
250.4	15264
250.5	15270.6
250.6	15277.1
250.7	15283.5
250.8	15289.9
250.9	15296.5
251	15302.9
251.1	15309.3
251.2	15315.8
251.3	15322.3
251.4	15328.7
251.5	15335
251.6	15343.5
251.7	15353.7
251.8	15363.7
251.9	15373.5
252	15383.2
252.1	15391.9
252.2	15400.2
252.3	15409.2
252.4	15417.2
252.5	15425.7
252.6	15434.1
252.7	15442.2
252.8	15450.7
252.9	15458.9
253	15466.8
253.1	15474.2
253.2	15481.4
253.3	15488.7
253.4	15496.3
253.5	15504.2
253.6	15511.3
253.7	15519.2
253.8	15526
253.9	15533.1
254	15540.6
254.1	15547.3
254.2	15555.1
254.3	15562.3
254.4	15570
254.5	15577.5
254.6	15585.2
254.7	15593.1
254.8	15600
254.9	15608
255	15617.9
255.1	15625.9
255.2	15632.9
255.3	15640.3
255.4	15647.7
255.5	15655.2
255.6	15662.6
255.7	15670.7
255.8	15678.3
255.9	15685.7
256	15692.7
256.1	15699.4
256.2	15705.7
256.3	15712.1
256.4	15718.2
256.5	15724.5
256.6	15730.5
256.7	15736.6
256.8	15742.6
256.9	15748.6
257	15754.8
257.1	15761.1
257.2	15767
257.3	15773.3
257.4	15779.5
257.5	15785.5
257.6	15791.6
257.7	15799.4
257.8	15807
257.9	15813.5
258	15820.3
258.1	15826.7
258.2	15832.8
258.3	15840.5
258.4	15847.9
258.5	15854.5
258.6	15861.2
258.7	15867.6
258.8	15874.2
258.9	15880.6
259	15887
259.1	15893.2
259.2	15899.4
259.3	15905.8
259.4	15912.3
259.5	15918.7
259.6	15924.9
259.7	15931.2
259.8	15937.5
259.9	15943.8
260	15952.5
260.1	15958.9
260.2	15965.1
260.3	15971.7
260.4	15978
260.5	15984.2
260.6	15990.5
260.7	15996.6
260.8	16003
260.9	16009.3
261	16015.7
261.1	16022
261.2	16028.4
261.3	16034.7
261.4	16041
261.5	16047.3
261.6	16053.6
261.7	16059.9
261.8	16065.9
261.9	16072.3
262	16078.6
262.1	16084.9
262.2	16091.3
262.3	16097.5
262.4	16103.6
262.5	16109.8
262.6	16116
262.7	16122.4
262.8	16128.7
262.9	16135
263	16141.2
263.1	16147.5
263.2	16153.9
263.3	16160.2
263.4	16166.4
263.5	16172.7
263.6	16178.6
263.7	16184.9
263.8	16191
263.9	16197.2
264	16203.3
264.1	16209.6
264.2	16215.9
264.3	16221.9
264.4	16228.2
264.5	16234.5
264.6	16240.6
264.7	16246.7
264.8	16253
264.9	16259.4
265	16268.1
265.1	16274.3
265.2	16280.3
265.3	16286.5
265.4	16292.6
265.5	16298.9
265.6	16305.2
265.7	16311.5
265.8	16317.8
265.9	16323.9
266	16330
266.1	16336.4
266.2	16342.7
266.3	16349
266.4	16355.2
266.5	16360.8
266.6	16367.1
266.7	16373.3
266.8	16379.4
266.9	16385.7
267	16392
267.1	16398.1
267.2	16404.2
267.3	16410.4
267.4	16416.7
267.5	16422.8
267.6	16429
267.7	16435.3
267.8	16441.6
267.9	16447.9
268	16454.2
268.1	16460.5
268.2	16466.9
268.3	16473.2
268.4	16479.6
268.5	16486
268.6	16492.4
268.7	16498.7
268.8	16505
268.9	16511.1
269	16517.4
269.1	16523.6
269.2	16529.8
269.3	16536
269.4	16541.7
269.5	16548.1
269.6	16554.5
269.7	16560.7
269.8	16566.9
269.9	16573.1
270	16581.7
270.1	16588
270.2	16594.2
270.3	16600.3
270.4	16606.8
270.5	16613.2
270.6	16619.5
270.7	16625.8
270.8	16632
270.9	16638.6
271	16644.9
271.1	16651.2
271.2	16657.5
271.3	16663.8
271.4	16670.2
271.5	16676.5
271.6	16682.9
271.7	16689.3
271.8	16695.6
271.9	16701.9
272	16708.2
272.1	16714.5
272.2	16720.4
272.3	16726.7
272.4	16733.2
272.5	16739.5
272.6	16745.9
272.7	16752.2
272.8	16758.7
272.9	16765
273	16771.5
273.1	16777.6
273.2	16784.1
273.3	16790.4
273.4	16796.8
273.5	16803.1
273.6	16809.5
273.7	16815.8
273.8	16822.2
273.9	16828.5
274	16834.9
274.1	16841.3
274.2	16847.7
274.3	16854.2
274.4	16860.5
274.5	16866.8
274.6	16873.3
274.7	16879.7
274.8	16886
274.9	16892.2
275	16901
275.1	16907.4
275.2	16913.8
275.3	16920.3
275.4	16926.6
275.5	16932.9
275.6	16939.3
275.7	16945.7
275.8	16952
275.9	16958.2
276	16964.6
276.1	16971
276.2	16977.4
276.3	16983.8
276.4	16990.1
276.5	16996.4
276.6	17002.8
276.7	17009.3
276.8	17015.6
276.9	17022
277	17028.5
277.1	17034.7
277.2	17041
277.3	17047.2
277.4	17053.7
277.5	17060
277.6	17066.3
277.7	17072.5
277.8	17078.9
277.9	17084.7
278	17091
278.1	17097.4
278.2	17103.7
278.3	17109.9
278.4	17116.3
278.5	17122.6
278.6	17128.9
278.7	17135.2
278.8	17141.5
278.9	17147.9
279	17154.2
279.1	17160.5
279.2	17167
279.3	17173.3
279.4	17179.7
279.5	17185.9
279.6	17192.3
279.7	17198.7
279.8	17205.1
279.9	17211.3
280	17220.2
280.1	17226.4
280.2	17232.8
280.3	17239.2
280.4	17245.7
280.5	17251.9
280.6	17258.3
280.7	17264.1
280.8	17270.6
280.9	17276.9
281	17283.3
281.1	17289.6
281.2	17296
281.3	17302.3
281.4	17308.7
281.5	17315
281.6	17321.4
281.7	17327.6
281.8	17334.1
281.9	17340.4
282	17346.8
282.1	17353.1
282.2	17359.5
282.3	17365.9
282.4	17372.2
282.5	17378.4
282.6	17384.8
282.7	17391
282.8	17397.4
282.9	17403.6
283	17410
283.1	17416.3
283.2	17422.7
283.3	17429.1
283.4	17435.6
283.5	17441.8
283.6	17447.8
283.7	17454.1
283.8	17460.5
283.9	17466.7
284	17473
284.1	17479.5
284.2	17485.8
284.3	17492.2
284.4	17498.5
284.5	17504.9
284.6	17511.2
284.7	17517.5
284.8	17523.8
284.9	17530.1
285	17538.9
285.1	17545.2
285.2	17551.4
285.3	17557.7
285.4	17564
285.5	17570.2
285.6	17576.6
285.7	17583
285.8	17589.3
285.9	17595.5
286	17602
286.1	17608.2
286.2	17614.6
286.3	17620.9
286.4	17626.8
286.5	17633.1
286.6	17639.7
286.7	17646
286.8	17652.5
286.9	17658.8
287	17665.3
287.1	17671.6
287.2	17678
287.3	17684.4
287.4	17690.9
287.5	17697.2
287.6	17703.7
287.7	17710
287.8	17716.4
287.9	17722.8
288	17729.2
288.1	17735.6
288.2	17742
288.3	17748.3
288.4	17754.7
288.5	17761
288.6	17767.3
288.7	17773.5
288.8	17780.1
288.9	17786.5
289	17793
289.1	17799.2
289.2	17805.6
289.3	17811.3
289.4	17817.8
289.5	17824.1
289.6	17830.5
289.7	17836.7
289.8	17843.2
289.9	17849.5
290	17858.3
290.1	17864.6
290.2	17871
290.3	17877.4
290.4	17883.8
290.5	17890
290.6	17896.4
290.7	17902.7
290.8	17909.2
290.9	17915.5
291	17921.8
291.1	17928.2
291.2	17934.6
291.3	17940.9
291.4	17947.4
291.5	17953.7
291.6	17960.1
291.7	17966.5
291.8	17972.8
291.9	17979.2
292	17985.6
292.1	17991.4
292.2	17997.8
292.3	18004.2
292.4	18010.6
292.5	18016.8
292.6	18023.2
292.7	18029.8
292.8	18036
292.9	18042.5
293	18049
293.1	18055.5
293.2	18061.9
293.3	18068.2
293.4	18074.6
293.5	18080.8
293.6	18087.2
293.7	18093.7
293.8	18100
293.9	18106.5
294	18112.9
294.1	18119.2
294.2	18125.6
294.3	18132.1
294.4	18138.5
294.5	18144.9
294.6	18151.2
294.7	18157.6
294.8	18163.9
294.9	18170.1
295	18178.5
295.1	18184.9
295.2	18191.3
295.3	18197.8
295.4	18204.2
295.5	18210.6
295.6	18217
295.7	18223.5
295.8	18229.8
295.9	18236.3
296	18242.6
296.1	18249.1
296.2	18255.4
296.3	18261.8
296.4	18268.1
296.5	18274.5
296.6	18280.8
296.7	18287.2
296.8	18293.5
296.9	18299.9
297	18306.2
297.1	18312.7
297.2	18319
297.3	18325.4
297.4	18331.7
297.5	18338
297.6	18344.3
297.7	18350.7
297.8	18356.6
297.9	18362.9
298	18369.4
298.1	18375.8
298.2	18382.1
298.3	18388.5
298.4	18395.1
298.5	18401.4
298.6	18407.9
298.7	18414.3
298.8	18420.7
298.9	18427.1
299	18433.3
299.1	18439.9
299.2	18446.2
299.3	18452.5
299.4	18458.8
299.5	18465.1
299.6	18471.5
299.7	18477.8
299.8	18484.3
299.9	18490.7
300	18499.5
300.1	18505.8
300.2	18512.2
300.3	18518.5
300.4	18524.7
300.5	18531.2
300.6	18537
300.7	18543.4
300.8	18549.7
300.9	18556.1
301	18562.5
301.1	18569
301.2	18575.3
301.3	18581.8
301.4	18588
301.5	18594.5
301.6	18600.7
301.7	18607.1
301.8	18613.5
301.9	18619.7
302	18626.1
302.1	18632.2
302.2	18638.7
302.3	18645
302.4	18651.2
302.5	18657.5
302.6	18663.8
302.7	18670.1
302.8	18676.5
302.9	18682.8
303	18689.3
303.1	18695.6
303.2	18702.1
303.3	18708.3
303.4	18714.7
303.5	18721.1
303.6	18726.9
303.7	18733.3
303.8	18739.6
303.9	18746
304	18752.5
304.1	18758.8
304.2	18765.2
304.3	18771.5
304.4	18777.9
304.5	18784.3
304.6	18790.6
304.7	18797
304.8	18803.5
304.9	18809.8
305	18818.5
305.1	18824.9
305.2	18831.1
305.3	18837.4
305.4	18843.7
305.5	18850
305.6	18856.2
305.7	18862.5
305.8	18868.8
305.9	18874.7
306	18881
306.1	18887.3
306.2	18893.6
306.3	18899.9
306.4	18906.3
306.5	18912.1
306.6	18918.4
306.7	18924.8
306.8	18931.2
306.9	18937.6
307	18944
307.1	18950.4
307.2	18956.7
307.3	18963.1
307.4	18969.4
307.5	18975.7
307.6	18982.1
307.7	18988.4
307.8	18994.8
307.9	19001.1
308	19007.5
308.1	19013.8
308.2	19020.2
308.3	19026.5
308.4	19033
308.5	19039.3
308.6	19045.5
308.7	19051.9
308.8	19058.3
308.9	19064.4
309	19070.8
309.1	19077
309.2	19083.3
309.3	19089.6
309.4	19095.5
309.5	19101.9
309.6	19108.2
309.7	19114.6
309.8	19120.8
309.9	19127.3
310	19135.9
310.1	19142.3
310.2	19148.7
310.3	19155
310.4	19161.4
310.5	19167.8
310.6	19174.4
310.7	19180.8
310.8	19187.3
310.9	19193.6
311	19200
311.1	19206.4
311.2	19212.8
311.3	19219.3
311.4	19225.8
311.5	19232.2
311.6	19238.6
311.7	19245.2
311.8	19251.6
311.9	19258.2
312	19264.6
312.1	19271
312.2	19277.5
312.3	19283.4
312.4	19289.8
312.5	19296.1
312.6	19302.5
312.7	19308.8
312.8	19315.2
312.9	19321.5
313	19327.8
313.1	19334.2
313.2	19340.5
313.3	19346.9
313.4	19353.5
313.5	19360.2
313.6	19366.7
313.7	19373.1
313.8	19379.5
313.9	19385.8
314	19392.2
314.1	19398.5
314.2	19404.8
314.3	19411.3
314.4	19417.6
314.5	19424
314.6	19430.4
314.7	19436.8
314.8	19443.1
314.9	19449.4
315	19458.1
315.1	19464.5
315.2	19470.3
315.3	19476.7
315.4	19483.1
315.5	19489.3
315.6	19496
315.7	19502.4
315.8	19508.8
315.9	19515.2
316	19521.8
316.1	19528.2
316.2	19534.5
316.3	19540.9
316.4	19547.3
316.5	19553.6
316.6	19560
316.7	19566.5
316.8	19572.9
316.9	19579.4
317	19585.7
317.1	19592.2
317.2	19598.5
317.3	19604.8
317.4	19611.2
317.5	19617.6
317.6	19623.9
317.7	19630.2
317.8	19636.5
317.9	19642.8
318	19649.1
318.1	19655.1
318.2	19661.4
318.3	19667.8
318.4	19674.2
318.5	19680.6
318.6	19686.9
318.7	19693.3
318.8	19699.6
318.9	19706
319	19712.4
319.1	19718.8
319.2	19725.1
319.3	19731.5
319.4	19737.7
319.5	19744.1
319.6	19750.4
319.7	19756.7
319.8	19763.3
319.9	19769.6
320	19778.2
320.1	19784.6
320.2	19790.9
320.3	19797.2
320.4	19803.7
320.5	19810
320.6	19816.5
320.7	19822.8
320.8	19829.2
320.9	19835.6
321	19841.4
321.1	19847.9
321.2	19854.2
321.3	19860.7
321.4	19867.1
321.5	19873.5
321.6	19879.7
321.7	19886.2
321.8	19892.5
321.9	19898.9
322	19905.3
322.1	19911.6
322.2	19917.9
322.3	19924.3
322.4	19930.7
322.5	19937
322.6	19943.3
322.7	19949.7
322.8	19956
322.9	19962.4
323	19968.7
323.1	19975.2
323.2	19981.5
323.3	19988
323.4	19994.3
323.5	20000.7
323.6	20007.1
323.7	20013.4
323.8	20019.9
323.9	20025.8
324	20032.1
324.1	20038.6
324.2	20045
324.3	20051.4
324.4	20057.8
324.5	20064.2
324.6	20070.6
324.7	20077.1
324.8	20083.7
324.9	20090
325	20098.7
325.1	20105
325.2	20111.5
325.3	20117.8
325.4	20124.2
325.5	20130.6
325.6	20137
325.7	20143.4
325.8	20149.9
325.9	20156.3
326	20162.7
326.1	20169.1
326.2	20175.4
326.3	20181.8
326.4	20188.1
326.5	20194.5
326.6	20200.8
326.7	20207.1
326.8	20213
326.9	20219.4
327	20225.9
327.1	20232.2
327.2	20238.5
327.3	20244.8
327.4	20251.2
327.5	20257.7
327.6	20264.1
327.7	20270.5
327.8	20277
327.9	20283.3
328	20289.8
328.1	20296.2
328.2	20302.5
328.3	20308.8
328.4	20315.2
328.5	20321.6
328.6	20328
328.7	20334.5
328.8	20341
328.9	20347.3
329	20353.7
329.1	20360
329.2	20366.4
329.3	20372.7
329.4	20379.1
329.5	20385.6
329.6	20391.9
329.7	20398.2
329.8	20404
329.9	20410.3
330	20419.1
330.1	20425.5
330.2	20431.8
330.3	20438.2
330.4	20444.5
330.5	20450.8
330.6	20457.3
330.7	20463.7
330.8	20470
330.9	20476.3
331	20482.6
331.1	20489
331.2	20495.3
331.3	20501.7
331.4	20508
331.5	20514.3
331.6	20520.6
331.7	20526.9
331.8	20533
331.9	20539.5
332	20545.8
332.1	20552.1
332.2	20558.4
332.3	20564.8
332.4	20571
332.5	20577.5
332.6	20584
332.7	20589.7
332.8	20596
332.9	20602.3
333	20608.6
333.1	20615
333.2	20621.4
333.3	20627.7
333.4	20634.1
333.5	20640.4
333.6	20646.7
333.7	20653.2
333.8	20659.6
333.9	20666
334	20672.2
334.1	20678.5
334.2	20684.8
334.3	20691
334.4	20697.3
334.5	20703.8
334.6	20710.2
334.7	20716.8
334.8	20723.2
334.9	20729.5
335	20738.2
335.1	20744.4
335.2	20751
335.3	20757.3
335.4	20763.5
335.5	20769.8
335.6	20775.8
335.7	20782.1
335.8	20788.4
335.9	20794.8
336	20801.1
336.1	20807.5
336.2	20813.7
336.3	20820
336.4	20826.3
336.5	20832.7
336.6	20839
336.7	20845.4
336.8	20851.8
336.9	20858.2
337	20864.5
337.1	20870.9
337.2	20877.2
337.3	20883.4
337.4	20889.7
337.5	20896.1
337.6	20902.3
337.7	20908.7
337.8	20914.9
337.9	20921.2
338	20927.5
338.1	20933.8
338.2	20940
338.3	20946.3
338.4	20952.6
338.5	20958.9
338.6	20964.7
338.7	20971
338.8	20977.3
338.9	20983.6
339	20990
339.1	20996.3
339.2	21002.8
339.3	21009.1
339.4	21015.2
339.5	21021.7
339.6	21028.1
339.7	21034.5
339.8	21040.8
339.9	21047.1
340	21055.8
340.1	21062.2
340.2	21068.5
340.3	21074.8
340.4	21081
340.5	21087.4
340.6	21093.7
340.7	21100
340.8	21106.3
340.9	21112.6
341	21118.9
341.1	21125.3
341.2	21131.7
341.3	21137.9
341.4	21144.4
341.5	21150.4
341.6	21156.7
341.7	21163
341.8	21169.3
341.9	21175.9
342	21182.7
342.1	21189.4
342.2	21196.2
342.3	21202.4
342.4	21208.8
342.5	21215.1
342.6	21221.3
342.7	21228
342.8	21234.6
342.9	21241.1
343	21247.7
343.1	21254
343.2	21260.3
343.3	21266.7
343.4	21273.1
343.5	21279.3
343.6	21285.8
343.7	21292.1
343.8	21298.3
343.9	21304.7
344	21311
344.1	21317.3
344.2	21323.8
344.3	21330.1
344.4	21336.4
344.5	21342.2
344.6	21348.7
344.7	21355
344.8	21361.4
344.9	21367.7
345	21376.5
345.1	21382.8
345.2	21389.1
345.3	21395.4
345.4	21401.6
345.5	21408
345.6	21414.2
345.7	21420.5
345.8	21426.8
345.9	21433.1
346	21439.3
346.1	21445.6
346.2	21451.9
346.3	21458.1
346.4	21464.4
346.5	21470.8
346.6	21477.1
346.7	21483.3
346.8	21489.7
346.9	21496
347	21502.2
347.1	21508.6
347.2	21514.9
347.3	21521.1
347.4	21527.5
347.5	21533.2
347.6	21539.6
347.7	21545.8
347.8	21552.1
347.9	21558.4
348	21564.7
348.1	21570.9
348.2	21577.3
348.3	21583.7
348.4	21590
348.5	21596.3
348.6	21602.7
348.7	21609
348.8	21615.2
348.9	21621.6
349	21627.9
349.1	21634.3
349.2	21640.7
349.3	21647.1
349.4	21653.4
349.5	21659.6
349.6	21666.1
349.7	21672.4
349.8	21678.8
349.9	21685.1
350	21693.7
350.1	21700.1
350.2	21706.5
350.3	21712.8
350.4	21718.6
350.5	21724.8
350.6	21731.1
350.7	21737.4
350.8	21743.7
350.9	21750
351	21756.4
351.1	21762.6
351.2	21768.9
351.3	21775.3
351.4	21781.6
351.5	21788
351.6	21794.4
351.7	21800.6
351.8	21807
351.9	21813.2
352	21819.5
352.1	21825.7
352.2	21832
352.3	21838.4
352.4	21844.8
352.5	21851.1
352.6	21857.6
352.7	21864
352.8	21870.2
352.9	21876.5
353	21882.9
353.1	21889.2
353.2	21895.4
353.3	21901.7
353.4	21907.5
353.5	21913.8
353.6	21920
353.7	21926.4
353.8	21932.7
353.9	21939
354	21945.3
354.1	21951.7
354.2	21958.1
354.3	21964.4
354.4	21970.8
354.5	21977.2
354.6	21983.5
354.7	21990
354.8	21996.4
354.9	22002.8
355	22011.4
355.1	22017.8
355.2	22024.1
355.3	22030.4
355.4	22036.8
355.5	22043.1
355.6	22049.4
355.7	22055.7
355.8	22062.1
355.9	22068.3
356	22074.8
356.1	22081
356.2	22087.2
356.3	22093
356.4	22099.2
356.5	22105.6
356.6	22111.8
356.7	22118
356.8	22124.4
356.9	22130.6
357	22136.8
357.1	22143.2
357.2	22149.4
357.3	22155.5
357.4	22161.8
357.5	22168
357.6	22174.2
357.7	22180.5
357.8	22186.9
357.9	22193
358	22199.4
358.1	22205.8
358.2	22212
358.3	22218.5
358.4	22224.7
358.5	22231.1
358.6	22237.4
358.7	22243.7
358.8	22249.8
358.9	22256.2
359	22262.4
359.1	22268.7
359.2	22275.1
359.3	22280.9
359.4	22287.2
359.5	22293.5
359.6	22299.7
359.7	22306.1
359.8	22312.4
359.9	22318.7
360	22327.3
360.1	22333.6
360.2	22339.9
360.3	22346.2
360.4	22352.5
360.5	22358.8
360.6	22365.2
360.7	22371.6
360.8	22377.9
360.9	22384.2
361	22390.6
361.1	22397
361.2	22403.2
361.3	22409.6
361.4	22415.9
361.5	22422.1
361.6	22428.3
361.7	22434.6
361.8	22440.9
361.9	22447.2
362	22453.6
362.1	22460.1
362.2	22466.5
362.3	22472.5
362.4	22478.8
362.5	22485.2
362.6	22491.5
362.7	22497.8
362.8	22504.1
362.9	22510.2
363	22516.5
363.1	22522.9
363.2	22529.1
363.3	22535.4
363.4	22541.8
363.5	22548.2
363.6	22554.4
363.7	22560.7
363.8	22567
363.9	22573.2
364	22579.5
364.1	22585.8
364.2	22592
364.3	22598.3
364.4	22604.7
364.5	22610.9
364.6	22617.3
364.7	22623.9
364.8	22631.2
364.9	22637.5
365	22646.2
365.1	22652.6
365.2	22658.4
365.3	22664.7
365.4	22671
365.5	22677.5
365.6	22683.8
365.7	22690.1
365.8	22696.4
365.9	22702.8
366	22709.1
366.1	22715.4
366.2	22721.8
366.3	22728
366.4	22734.3
366.5	22740.7
366.6	22746.9
366.7	22753.2
366.8	22759.6
366.9	22766
367	22772.3
367.1	22778.7
367.2	22785
367.3	22791.3
367.4	22797.7
367.5	22804.1
367.6	22810.4
367.7	22816.7
367.8	22823
367.9	22829.4
368	22835.7
368.1	22841.9
368.2	22847.7
368.3	22854.2
368.4	22860.6
368.5	22866.9
368.6	22873.1
368.7	22879.5
368.8	22885.8
368.9	22892.1
369	22898.5
369.1	22904.8
369.2	22911.2
369.3	22917.5
369.4	22923.9
369.5	22930.2
369.6	22936.5
369.7	22942.8
369.8	22949.1
369.9	22955.4
370	22964.1
370.1	22970.4
370.2	22976.7
370.3	22983
370.4	22989.3
370.5	22995.7
370.6	23002
370.7	23008.3
370.8	23014.7
370.9	23021
371	23027.3
371.1	23033.1
371.2	23039.4
371.3	23045.6
371.4	23052
371.5	23058.2
371.6	23064.5
371.7	23070.8
371.8	23077.2
371.9	23083.4
372	23089.7
372.1	23096
372.2	23102.2
372.3	23108.5
372.4	23114.8
372.5	23121.1
372.6	23127.4
372.7	23133.8
372.8	23140.1
372.9	23146.4
373	23152.8
373.1	23159
373.2	23165.5
373.3	23172
373.4	23178.4
373.5	23184.8
373.6	23191.2
373.7	23197.5
373.8	23203.8
373.9	23210.1
374	23216.4
374.1	23222.2
374.2	23228.5
374.3	23234.8
374.4	23241.1
374.5	23247.6
374.6	23253.9
374.7	23260.2
374.8	23266.7
374.9	23273
375	23281.6
375.1	23287.9
375.2	23294.3
375.3	23300.8
375.4	23307.1
375.5	23313.4
375.6	23319.6
375.7	23325.9
375.8	23332.2
375.9	23338.6
376	23345
376.1	23351.3
376.2	23357.5
376.3	23364.1
376.4	23370.5
376.5	23377
376.6	23383.3
376.7	23389.7
376.8	23395.9
376.9	23402.2
377	23407.9
377.1	23414.2
377.2	23420.4
377.3	23426.7
377.4	23433.1
377.5	23439.5
377.6	23445.7
377.7	23452
377.8	23458.3
377.9	23464.5
378	23470.7
378.1	23477
378.2	23483.1
378.3	23489.3
378.4	23495.6
378.5	23501.9
378.6	23508.1
378.7	23514.3
378.8	23520.7
378.9	23526.9
379	23533.2
379.1	23539.5
379.2	23545.8
379.3	23552.2
379.4	23558.4
379.5	23564.7
379.6	23571
379.7	23577.2
379.8	23583.6
379.9	23590.1
380	23598.2
380.1	23604.6
380.2	23610.6
380.3	23616.5
380.4	23622.8
380.5	23629.2
380.6	23635.7
380.7	23641.9
380.8	23648.2
380.9	23654.6
381	23660.6
381.1	23666.7
381.2	23672.8
381.3	23678.7
381.4	23684.5
381.5	23690
381.6	23696.2
381.7	23701.8
381.8	23707.5
381.9	23713
382	23718.3
382.1	23724.2
382.2	23730
382.3	23736.2
382.4	23742.1
382.5	23748.5
382.6	23754.9
382.7	23761.4
382.8	23767.2
382.9	23773.6
383	23780.1
383.1	23786.5
383.2	23792.7
383.3	23799.2
383.4	23805.4
383.5	23811.7
383.6	23818
383.7	23824.4
383.8	23830.7
383.9	23837
384	23843.6
384.1	23850.1
384.2	23856.7
384.3	23863.1
384.4	23869.6
384.5	23876
384.6	23882.6
384.7	23889.3
384.8	23896
384.9	23902.5
385	23911.2
385.1	23917.7
385.2	23924.2
385.3	23930.4
385.4	23936.2
385.5	23942.7
385.6	23948.7
385.7	23954.9
385.8	23960.8
385.9	23967.2
386	23973.5
386.1	23979.8
386.2	23986.2
386.3	23992.6
386.4	23999.1
386.5	24005.7
386.6	24012.3
386.7	24018.8
386.8	24025.3
386.9	24031.8
387	24038.6
387.1	24045.1
387.2	24051.5
387.3	24057.9
387.4	24064.4
387.5	24070.8
387.6	24077.4
387.7	24083.8
387.8	24090.2
387.9	24096.7
388	24103
388.1	24109.6
388.2	24115.8
388.3	24122.2
388.4	24128.4
388.5	24134.2
388.6	24140.5
388.7	24146.9
388.8	24153
388.9	24159.7
389	24166
389.1	24172.4
389.2	24178.9
389.3	24185.5
389.4	24192
389.5	24198.5
389.6	24204.9
389.7	24211.3
389.8	24217.7
389.9	24224.2
390	24232.9
390.1	24238.9
390.2	24244.4
390.3	24250
390.4	24255.5
390.5	24260
390.6	24265
390.7	24269.7
390.8	24274.5
390.9	24279
391	24284.1
391.1	24288.8
391.2	24294.1
391.3	24298.4
391.4	24303
391.5	24307.4
391.6	24312.2
391.7	24316.9
391.8	24321.2
391.9	24325.9
392	24330.1
392.1	24334.9
392.2	24339.5
392.3	24343.9
392.4	24348.2
392.5	24352.6
392.6	24356.8
392.7	24361.5
392.8	24366.1
392.9	24370.4
393	24375.2
393.1	24379.3
393.2	24384
393.3	24388.6
393.4	24393.4
393.5	24398
393.6	24402.4
393.7	24407.4
393.8	24412.1
393.9	24417
394	24421.9
394.1	24426.8
394.2	24431.3
394.3	24436.2
394.4	24440.8
394.5	24445.9
394.6	24450.6
394.7	24455.6
394.8	24460.3
394.9	24465
395	24471.8
395.1	24476.2
395.2	24480.8
395.3	24485.4
395.4	24490.2
395.5	24494.6
395.6	24499.2
395.7	24503.7
395.8	24508.1
395.9	24512.9
396	24517.6
396.1	24522.1
396.2	24527
396.3	24531.3
396.4	24535.8
396.5	24540.5
396.6	24545
396.7	24549.6
396.8	24554.2
396.9	24558.5
397	24563.3
397.1	24567.7
397.2	24572.3
397.3	24577
397.4	24581.8
397.5	24586.6
397.6	24590.9
397.7	24595.3
397.8	24599.6
397.9	24604.1
398	24608.5
398.1	24613.1
398.2	24617.7
398.3	24622.1
398.4	24626.8
398.5	24631.2
398.6	24636.2
398.7	24640.6
398.8	24645.5
398.9	24649.9
399	24654.7
399.1	24659.1
399.2	24663.8
399.3	24668
399.4	24672.3
399.5	24677
399.6	24681.4
399.7	24686.3
399.8	24690.5
399.9	24695.3
400	24703.1
400.1	24708.7
400.2	24714.4
400.3	24720
400.4	24725.2
400.5	24731.1
400.6	24736.5
400.7	24742.3
400.8	24747.7
400.9	24753.4
401	24758.8
401.1	24764.5
401.2	24769.9
401.3	24775.6
401.4	24780.4
401.5	24785.1
401.6	24789.7
401.7	24794.2
401.8	24799.1
401.9	24803.9
402	24808.6
402.1	24812.9
402.2	24817.5
402.3	24822
402.4	24826.3
402.5	24831.1
402.6	24835.7
402.7	24840.4
402.8	24845.3
402.9	24850
403	24854.4
403.1	24859.1
403.2	24863.7
403.3	24868.3
403.4	24873.1
403.5	24877.5
403.6	24882.2
403.7	24886.8
403.8	24891.1
403.9	24896
404	24900.6
404.1	24905.4
404.2	24910.1
404.3	24914.4
404.4	24919.2
404.5	24923.5
404.6	24928.3
404.7	24932.4
404.8	24937
404.9	24941.5
405	24948.4
405.1	24952.6
405.2	24957.2
405.3	24961.6
405.4	24966
405.5	24970.7
405.6	24974.8
405.7	24979.2
405.8	24983.2
405.9	24987.9
406	24992.1
406.1	24996.6
406.2	25001
406.3	25005.3
406.4	25009.9
406.5	25014.4
406.6	25018.8
406.7	25023.1
406.8	25027.8
406.9	25031.9
407	25036.3
407.1	25040.8
407.2	25045.3
407.3	25049.7
407.4	25054.1
407.5	25058.5
407.6	25062.8
407.7	25067.1
407.8	25071.6
407.9	25075.6
408	25080.1
408.1	25084.3
408.2	25088.5
408.3	25092.8
408.4	25097.1
408.5	25101
408.6	25105.5
408.7	25109.8
408.8	25114.1
408.9	25118
409	25122.4
409.1	25126.7
409.2	25130.7
409.3	25135.1
409.4	25139.2
409.5	25143.8
409.6	25148.1
409.7	25152.2
409.8	25156.6
409.9	25160.6
410	25167.2
410.1	25171.5
410.2	25175.6
410.3	25180.1
410.4	25184.5
410.5	25188.5
410.6	25193
410.7	25197
410.8	25201.7
410.9	25205.8
411	25210.2
411.1	25214.5
411.2	25218.7
411.3	25222.9
411.4	25227.4
411.5	25231.4
411.6	25235.8
411.7	25239.8
411.8	25244.3
411.9	25248.5
412	25252.9
412.1	25257.2
412.2	25261.3
412.3	25265.5
412.4	25269.5
412.5	25273.6
412.6	25277.5
412.7	25281.8
412.8	25286.2
412.9	25290.5
413	25294.5
413.1	25299.1
413.2	25303.1
413.3	25307.8
413.4	25312.2
413.5	25316.7
413.6	25320.8
413.7	25325.3
413.8	25329.7
413.9	25333.9
414	25338.4
414.1	25342.5
414.2	25347
414.3	25351.4
414.4	25355.8
414.5	25360.3
414.6	25364.4
414.7	25369.2
414.8	25373.6
414.9	25377.9
415	25384.5
415.1	25388.6
415.2	25393.3
415.3	25397.5
415.4	25401.9
415.5	25406.3
415.6	25410.6
415.7	25415.2
415.8	25419.5
415.9	25424
416	25428.5
416.1	25432.7
416.2	25437
416.3	25441.3
416.4	25445.8
416.5	25450.3
416.6	25454.6
416.7	25459.1
416.8	25463.5
416.9	25467.7
417	25472.4
417.1	25476.4
417.2	25480.8
417.3	25485.2
417.4	25489.6
417.5	25494.1
417.6	25498.5
417.7	25503
417.8	25507.4
417.9	25511.9
418	25516.3
418.1	25520.9
418.2	25525.3
418.3	25529.8
418.4	25534.4
418.5	25538.7
418.6	25543.3
418.7	25547.5
418.8	25552
418.9	25556.2
419	25561
419.1	25565.3
419.2	25569.8
419.3	25574.3
419.4	25578.7
419.5	25583.1
419.6	25587.4
419.7	25591.8
419.8	25596.4
419.9	25600.5
420	25607.4
420.1	25611.7
420.2	25616.3
420.3	25620.7
420.4	25625.3
420.5	25629.5
420.6	25634.1
420.7	25638.5
420.8	25642.6
420.9	25647.1
421	25651.7
421.1	25656.1
421.2	25660.4
421.3	25664.8
421.4	25669.3
421.5	25673.8
421.6	25678.2
421.7	25682.4
421.8	25687
421.9	25691
422	25695.6
422.1	25700
422.2	25704.4
422.3	25708.8
422.4	25712.9
422.5	25717.4
422.6	25721.8
422.7	25725.9
422.8	25730.4
422.9	25734.8
423	25739.2
423.1	25743.4
423.2	25748.1
423.3	25752.3
423.4	25756.8
423.5	25761.3
423.6	25765.5
423.7	25769.8
423.8	25774.3
423.9	25778.7
424	25782.9
424.1	25787.3
424.2	25791.7
424.3	25796.1
424.4	25800.7
424.5	25804.9
424.6	25809.5
424.7	25813.7
424.8	25818.1
424.9	25822.5
425	25829.2
425.1	25833.6
425.2	25837.9
425.3	25842
425.4	25846.5
425.5	25850.9
425.6	25855.3
425.7	25859.5
425.8	25863.6
425.9	25867.9
426	25871.9
426.1	25876.2
426.2	25880.2
426.3	25884.6
426.4	25888.9
426.5	25893.1
426.6	25897.2
426.7	25901.2
426.8	25905.4
426.9	25909.5
427	25913.7
427.1	25917.7
427.2	25922
427.3	25926.3
427.4	25930.2
427.5	25934.5
427.6	25938.4
427.7	25942.7
427.8	25946.7
427.9	25951
428	25954.9
428.1	25959.4
428.2	25963.4
428.3	25967.7
428.4	25971.9
428.5	25975.9
428.6	25979.9
428.7	25984.2
428.8	25988.1
428.9	25992.3
429	25996.5
429.1	26000.4
429.2	26004.8
429.3	26008.6
429.4	26012.8
429.5	26016.7
429.6	26020.9
429.7	26024.8
429.8	26029.1
429.9	26032.9
430	26039.5
430.1	26043.6
430.2	26047.8
430.3	26051.9
430.4	26055.8
430.5	26060.1
430.6	26064.2
430.7	26068.4
430.8	26072.6
430.9	26076.5
431	26080.7
431.1	26084.5
431.2	26088.8
431.3	26092.8
431.4	26097
431.5	26101.1
431.6	26105.1
431.7	26109.3
431.8	26113.4
431.9	26117.4
432	26121.5
432.1	26126
432.2	26130.3
432.3	26134.6
432.4	26138.9
432.5	26143.4
432.6	26147.8
432.7	26152
432.8	26156.2
432.9	26160.3
433	26164.6
433.1	26169
433.2	26173.1
433.3	26177.7
433.4	26182
433.5	26186.3
433.6	26190.7
433.7	26194.8
433.8	26199.2
433.9	26203.2
434	26207.7
434.1	26211.9
434.2	26216.3
434.3	26220.4
434.4	26225
434.5	26229.2
434.6	26233.6
434.7	26238.2
434.8	26242.2
434.9	26246.7
435	26253.1
435.1	26257.5
435.2	26261.6
435.3	26265.9
435.4	26270
435.5	26274.1
435.6	26278.2
435.7	26282.2
435.8	26286.3
435.9	26290.5
436	26294.2
436.1	26298.3
436.2	26302.3
436.3	26306.2
436.4	26310.5
436.5	26314.4
436.6	26318.6
436.7	26322.7
436.8	26326.8
436.9	26330.8
437	26334.8
437.1	26339
437.2	26343.2
437.3	26347.3
437.4	26351.2
437.5	26355.5
437.6	26359.3
437.7	26363.6
437.8	26367.7
437.9	26371.4
438	26375.8
438.1	26379.7
438.2	26383.9
438.3	26387.7
438.4	26392
438.5	26396
438.6	26399.8
438.7	26403.8
438.8	26407.8
438.9	26412.1
439	26416.1
439.1	26420.4
439.2	26424.5
439.3	26428.5
439.4	26432.9
439.5	26437
439.6	26441.1
439.7	26445.3
439.8	26449.4
439.9	26453.2
440	26459.6
440.1	26463.7
440.2	26467.6
440.3	26471.9
440.4	26475.8
440.5	26480.2
440.6	26484
440.7	26488.5
440.8	26492.2
440.9	26496.4
441	26500.7
441.1	26504.8
441.2	26508.9
441.3	26512.9
441.4	26517
441.5	26521
441.6	26524.8
441.7	26529
441.8	26533.1
441.9	26537.1
442	26541.1
442.1	26545.2
442.2	26549.3
442.3	26553.4
442.4	26557.5
442.5	26561.7
442.6	26565.5
442.7	26569.3
442.8	26573.4
442.9	26577.5
443	26581.7
443.1	26585.5
443.2	26589.7
443.3	26593.6
443.4	26597.9
443.5	26601.9
443.6	26606.2
443.7	26610.2
443.8	26614.3
443.9	26618.5
444	26622.7
444.1	26626.5
444.2	26630.8
444.3	26634.7
444.4	26639
444.5	26643.2
444.6	26647.1
444.7	26651.3
444.8	26655.1
444.9	26659.5
445	26665.5
445.1	26669.9
445.2	26673.7
445.3	26678.1
445.4	26682.1
445.5	26686.4
445.6	26690.3
445.7	26694.5
445.8	26698.3
445.9	26702.5
446	26706.5
446.1	26710.8
446.2	26714.8
446.3	26719.1
446.4	26723.1
446.5	26727.3
446.6	26731.4
446.7	26735.5
446.8	26739.7
446.9	26743.9
447	26747.8
447.1	26751.9
447.2	26756
447.3	26760.2
447.4	26764.1
447.5	26768.4
447.6	26772.2
447.7	26776.5
447.8	26780.5
447.9	26784.6
448	26788.4
448.1	26792.7
448.2	26796.7
448.3	26801
448.4	26805
448.5	26809.1
448.6	26813.1
448.7	26817.3
448.8	26821.3
448.9	26825.3
449	26829.5
449.1	26833.7
449.2	26837.9
449.3	26842.1
449.4	26846.2
449.5	26850.6
449.6	26854.8
449.7	26858.9
449.8	26863.6
449.9	26867.6
450	26874.2
450.1	26878.1
450.2	26882.5
450.3	26886.5
450.4	26890.9
450.5	26895
450.6	26899.4
450.7	26903.4
450.8	26907.9
450.9	26912.1
451	26916.2
451.1	26920.8
451.2	26924.8
451.3	26929.3
451.4	26933.4
451.5	26937.8
451.6	26942
451.7	26946.1
451.8	26950.5
451.9	26954.8
452	26959.2
452.1	26963.4
452.2	26967.4
452.3	26971.6
452.4	26975.6
452.5	26980
452.6	26984.3
452.7	26988.7
452.8	26993
452.9	26997.7
453	27002
453.1	27006.1
453.2	27010.5
453.3	27014.4
453.4	27018.9
453.5	27023
453.6	27027.6
453.7	27031.6
453.8	27035.9
453.9	27040.2
454	27044.2
454.1	27048.7
454.2	27052.8
454.3	27057.1
454.4	27061.5
454.5	27065.5
454.6	27070
454.7	27074.3
454.8	27078.7
454.9	27083
455	27089.7
455.1	27093.6
455.2	27098
455.3	27102
455.4	27106.4
455.5	27110.7
455.6	27115
455.7	27119.4
455.8	27123.3
455.9	27127.4
456	27131.4
456.1	27135.7
456.2	27139.8
456.3	27143.8
456.4	27147.8
456.5	27151.9
456.6	27156
456.7	27160.1
456.8	27163.9
456.9	27168.1
457	27172.1
457.1	27176.4
457.2	27180.4
457.3	27184.8
457.4	27188.7
457.5	27193
457.6	27197.1
457.7	27201.3
457.8	27205.5
457.9	27209.7
458	27213.7
458.1	27218
458.2	27222.2
458.3	27226.4
458.4	27230.6
458.5	27234.5
458.6	27238.7
458.7	27242.8
458.8	27246.7
458.9	27250.7
459	27254.7
459.1	27258.7
459.2	27262.7
459.3	27266.8
459.4	27270.8
459.5	27274.9
459.6	27279.1
459.7	27283.3
459.8	27287.2
459.9	27291.3
460	27297.8
460.1	27301.8
460.2	27306.1
460.3	27310
460.4	27314.2
460.5	27318.4
460.6	27322.5
460.7	27326.6
460.8	27330.7
460.9	27334.8
461	27338.8
461.1	27343.1
461.2	27347.2
461.3	27351.4
461.4	27355.7
461.5	27359.7
461.6	27363.8
461.7	27367.9
461.8	27372
461.9	27376
462	27379.9
462.1	27383.9
462.2	27388.1
462.3	27392
462.4	27396.3
462.5	27400.3
462.6	27404.6
462.7	27408.7
462.8	27412.8
462.9	27416.8
463	27421.1
463.1	27425
463.2	27429.2
463.3	27433.4
463.4	27437.3
463.5	27441.4
463.6	27445.5
463.7	27449.5
463.8	27453.7
463.9	27457.6
464	27461.8
464.1	27465.8
464.2	27469.9
464.3	27474.1
464.4	27478
464.5	27482.3
464.6	27486.3
464.7	27490.7
464.8	27494.7
464.9	27498.9
465	27505.3
465.1	27509.1
465.2	27513.2
465.3	27517.2
465.4	27521.3
465.5	27525.5
465.6	27529.5
465.7	27533.9
465.8	27538
465.9	27542
466	27546.2
466.1	27550
466.2	27554.5
466.3	27558.4
466.4	27562.7
466.5	27566.6
466.6	27570.9
466.7	27574.7
466.8	27578.9
466.9	27582.9
467	27587.1
467.1	27591
467.2	27595.5
467.3	27599.3
467.4	27603.5
467.5	27607.5
467.6	27611.5
467.7	27616
467.8	27620.2
467.9	27624.1
468	27628.1
468.1	27632.2
468.2	27636.3
468.3	27640.5
468.4	27644.4
468.5	27648.7
468.6	27652.5
468.7	27656.8
468.8	27660.8
468.9	27665
469	27668.9
469.1	27673.3
469.2	27677.2
469.3	27681.5
469.4	27685.6
469.5	27689.7
469.6	27693.8
469.7	27697.8
469.8	27702
469.9	27706.1
470	27712.3
470.1	27716.5
470.2	27720.7
470.3	27724.6
470.4	27728.7
470.5	27732.8
470.6	27737.2
470.7	27741.2
470.8	27745.3
470.9	27749.1
471	27753.4
471.1	27757.5
471.2	27761.6
471.3	27765.8
471.4	27769.9
471.5	27774
471.6	27778.1
471.7	27781.9
471.8	27785.9
471.9	27789.8
472	27794.1
472.1	27798
472.2	27802.3
472.3	27806.4
472.4	27810.8
472.5	27814.8
472.6	27819.1
472.7	27823.2
472.8	27827
472.9	27831.2
473	27835.2
473.1	27839.6
473.2	27843.4
473.3	27847.7
473.4	27851.7
473.5	27855.5
473.6	27859.9
473.7	27863.8
473.8	27868
473.9	27872.1
474	27875.8
474.1	27879.8
474.2	27883.6
474.3	27887.7
474.4	27891.8
474.5	27896
474.6	27899.8
474.7	27904
474.8	27908.1
474.9	27912.3
475	27918.7
475.1	27922.8
475.2	27926.9
475.3	27930.9
475.4	27935.2
475.5	27939.3
475.6	27943.3
475.7	27947.7
475.8	27951.6
475.9	27955.9
476	27960
476.1	27964.1
476.2	27968.3
476.3	27972.2
476.4	27976.6
476.5	27980.6
476.6	27984.9
476.7	27988.8
476.8	27993.1
476.9	27997.1
477	28001.2
477.1	28005.2
477.2	28009.3
477.3	28013.5
477.4	28017.8
477.5	28021.7
477.6	28025.9
477.7	28030.1
477.8	28034.2
477.9	28038.5
478	28042.4
478.1	28046.6
478.2	28050.5
478.3	28054.8
478.4	28058.6
478.5	28063
478.6	28066.9
478.7	28071.2
478.8	28075.3
478.9	28079.2
479	28083.4
479.1	28087.5
479.2	28091.4
479.3	28095.3
479.4	28099.4
479.5	28103.3
479.6	28107.5
479.7	28111.6
479.8	28115.4
479.9	28119.5
480	28125.8
480.1	28129.7
480.2	28133.7
480.3	28137.9
480.4	28142.2
480.5	28146
480.6	28150.3
480.7	28154.5
480.8	28158.4
480.9	28162.8
481	28166.5
481.1	28170.7
481.2	28174.7
481.3	28178.6
481.4	28182.8
481.5	28186.6
481.6	28190.8
481.7	28194.6
481.8	28198.9
481.9	28202.7
482	28206.9
482.1	28210.8
482.2	28215
482.3	28219.1
482.4	28223.2
482.5	28227
482.6	28231.2
482.7	28235.3
482.8	28239.1
482.9	28243.4
483	28247.3
483.1	28251.7
483.2	28255.5
483.3	28259.8
483.4	28263.8
483.5	28268.3
483.6	28272.4
483.7	28276.2
483.8	28280.2
483.9	28284.5
484	28288.7
484.1	28292.8
484.2	28296.8
484.3	28300.8
484.4	28305
484.5	28309.1
484.6	28313.2
484.7	28317.3
484.8	28321.4
484.9	28325.2
485	28331.6
485.1	28335.7
485.2	28339.9
485.3	28343.9
485.4	28347.9
485.5	28352.2
485.6	28356.1
485.7	28360.5
485.8	28364.4
485.9	28368.7
486	28372.7
486.1	28376.8
486.2	28380.9
486.3	28384.7
486.4	28388.6
486.5	28392.7
486.6	28396.9
486.7	28401.1
486.8	28404.9
486.9	28409.2
487	28413.3
487.1	28417.2
487.2	28421.5
487.3	28425.3
487.4	28429.4
487.5	28433.5
487.6	28437.5
487.7	28441.7
487.8	28445.9
487.9	28449.7
488	28453.8
488.1	28457.8
488.2	28462.1
488.3	28466.2
488.4	28470.1
488.5	28474.5
488.6	28478.7
488.7	28482.8
488.8	28487
488.9	28491.2
489	28495
489.1	28499.4
489.2	28503.4
489.3	28507.6
489.4	28511.7
489.5	28515.6
489.6	28519.8
489.7	28523.7
489.8	28528.2
489.9	28532.4
490	28538.7
490.1	28542.9
490.2	28546.8
490.3	28551.1
490.4	28554.9
490.5	28559.3
490.6	28563.5
490.7	28567.9
490.8	28572.3
490.9	28576.6
491	28580.6
491.1	28584.9
491.2	28589.1
491.3	28593.2
491.4	28597.2
491.5	28601.4
491.6	28605.5
491.7	28609.3
491.8	28613.4
491.9	28617.4
492	28621.5
492.1	28625.5
492.2	28629.7
492.3	28634
492.4	28637.9
492.5	28642.4
492.6	28646.2
492.7	28650.5
492.8	28654.5
492.9	28658.8
493	28662.8
493.1	28667.1
493.2	28671.1
493.3	28675.5
493.4	28679.5
493.5	28683.8
493.6	28687.9
493.7	28691.8
493.8	28696
493.9	28700.1
494	28704.2
494.1	28708.2
494.2	28712.3
494.3	28716.4
494.4	28720.7
494.5	28724.5
494.6	28728.8
494.7	28732.9
494.8	28737.1
494.9	28740.9
495	28747.3
495.1	28751.4
495.2	28755.6
495.3	28759.7
495.4	28763.7
495.5	28768.1
495.6	28772.2
495.7	28776.2
495.8	28780.5
495.9	28784.5
496	28788.8
496.1	28792.9
496.2	28796.9
496.3	28801.1
496.4	28805.1
496.5	28809.3
496.6	28813.5
496.7	28817.6
496.8	28821.7
496.9	28825.5
497	28829.7
497.1	28834
497.2	28838.2
497.3	28842.1
497.4	28846.4
497.5	28850.3
497.6	28854.6
497.7	28858.6
497.8	28863
497.9	28867
498	28871.5
498.1	28875.5
498.2	28880.1
498.3	28884.2
498.4	28888.6
498.5	28892.6
498.6	28896.9
498.7	28900.7
498.8	28905
498.9	28909
499	28913.2
499.1	28917.6
499.2	28921.8
499.3	28925.7
499.4	28929.7
499.5	28933.5
499.6	28937.7
499.7	28941.9
499.8	28946.2
499.9	28950
500	28956.3
500.1	28960.3
500.2	28964.7
500.3	28969
500.4	28973.3
500.5	28977.6
500.6	28981.5
500.7	28985.7
500.8	28989.5
500.9	28993.8
501	28998
501.1	29001.9
501.2	29006.3
501.3	29010.3
501.4	29014.8
501.5	29018.9
501.6	29023.3
501.7	29027.3
501.8	29031.5
501.9	29035.6
502	29039.7
502.1	29043.9
502.2	29048
502.3	29052
502.4	29056.1
502.5	29060.2
502.6	29064.3
502.7	29068.5
502.8	29072.7
502.9	29076.8
503	29080.9
503.1	29084.8
503.2	29089.2
503.3	29093.1
503.4	29097.3
503.5	29101.5
503.6	29105.7
503.7	29110
503.8	29114.2
503.9	29118.3
504	29122.2
504.1	29126.5
504.2	29130.7
504.3	29135
504.4	29138.8
504.5	29143.1
504.6	29147.3
504.7	29151.2
504.8	29155.5
504.9	29159.7
505	29165.9
505.1	29170.3
505.2	29174.2
505.3	29178.5
505.4	29182.7
505.5	29186.8
505.6	29191
505.7	29195
505.8	29199.3
505.9	29203.3
506	29207.6
506.1	29211.6
506.2	29215.9
506.3	29219.8
506.4	29224.2
506.5	29228
506.6	29232.3
506.7	29236.5
506.8	29240.9
506.9	29245.2
507	29249.4
507.1	29253.4
507.2	29257.5
507.3	29261.6
507.4	29265.9
507.5	29269.9
507.6	29274.3
507.7	29278.5
507.8	29282.5
507.9	29286.8
508	29290.9
508.1	29295.4
508.2	29299.3
508.3	29303.5
508.4	29307.7
508.5	29311.5
508.6	29315.9
508.7	29320
508.8	29324.3
508.9	29328.5
509	29332.3
509.1	29336.4
509.2	29340.7
509.3	29344.9
509.4	29349.2
509.5	29353.1
509.6	29357.5
509.7	29361.3
509.8	29365.7
509.9	29369.8
510	29375.9
510.1	29380.1
510.2	29384.3
510.3	29388.4
510.4	29392.4
510.5	29396.7
510.6	29400.6
510.7	29404.9
510.8	29409.2
510.9	29413.2
511	29417.4
511.1	29421.5
511.2	29425.6
511.3	29429.9
511.4	29434.1
511.5	29438.2
511.6	29442.5
511.7	29446.5
511.8	29450.8
511.9	29455
512	29459.1
512.1	29463
512.2	29467.1
512.3	29471.2
512.4	29475.5
512.5	29479.5
512.6	29483.7
512.7	29488
512.8	29492
512.9	29496.3
513	29500.5
513.1	29504.4
513.2	29508.8
513.3	29512.6
513.4	29516.9
513.5	29521.1
513.6	29525.3
513.7	29529.4
513.8	29533.8
513.9	29537.8
514	29542.2
514.1	29546.2
514.2	29550.5
514.3	29554.7
514.4	29558.9
514.5	29563.1
514.6	29567.4
514.7	29571.3
514.8	29575.4
514.9	29579.5
515	29585.8
515.1	29590.1
515.2	29594
515.3	29598.3
515.4	29602.5
515.5	29606.8
515.6	29611
515.7	29615.1
515.8	29618.9
515.9	29623.4
516	29627.4
516.1	29631.7
516.2	29635.9
516.3	29640.1
516.4	29644.1
516.5	29648.5
516.6	29652.5
516.7	29656.9
516.8	29660.9
516.9	29665
517	29669.1
517.1	29673.2
517.2	29677.4
517.3	29681.4
517.4	29685.7
517.5	29689.5
517.6	29693.8
517.7	29697.8
517.8	29702.2
517.9	29706.3
518	29710.3
518.1	29714.6
518.2	29718.9
518.3	29722.9
518.4	29727.1
518.5	29731.2
518.6	29735.5
518.7	29739.6
518.8	29743.6
518.9	29747.8
519	29752
519.1	29756.1
519.2	29760.2
519.3	29764.2
519.4	29768.5
519.5	29772.8
519.6	29776.7
519.7	29781
519.8	29785.1
519.9	29789.1
520	29795.6
520.1	29799.8
520.2	29804
520.3	29807.9
520.4	29812.2
520.5	29816.5
520.6	29820.7
520.7	29824.5
520.8	29828.9
520.9	29833.1
521	29837.3
521.1	29841.3
521.2	29845.6
521.3	29849.7
521.4	29854
521.5	29858.2
521.6	29862.2
521.7	29866.4
521.8	29870.4
521.9	29874.8
522	29878.9
522.1	29882.9
522.2	29887.3
522.3	29891.2
522.4	29895.5
522.5	29899.7
522.6	29904
522.7	29908.2
522.8	29912.4
522.9	29916.5
523	29920.6
523.1	29924.5
523.2	29928.8
523.3	29932.9
523.4	29937.1
523.5	29941.4
523.6	29945.5
523.7	29949.3
523.8	29953.4
523.9	29957.5
524	29961.4
524.1	29965.8
524.2	29969.7
524.3	29974.1
524.4	29978.1
524.5	29982.3
524.6	29986.6
524.7	29990.4
524.8	29994.6
524.9	29998.5
525	30005.1
525.1	30009
525.2	30013.3
525.3	30017.3
525.4	30021.7
525.5	30025.7
525.6	30030
525.7	30033.9
525.8	30038.1
525.9	30042.2
526	30046.5
526.1	30050.7
526.2	30054.6
526.3	30059.1
526.4	30063.4
526.5	30067.5
526.6	30071.9
526.7	30076.3
526.8	30080.5
526.9	30084.7
527	30088.7
527.1	30093
527.2	30097.3
527.3	30101.7
527.4	30105.8
527.5	30110.4
527.6	30114.7
527.7	30119.1
527.8	30123.5
527.9	30127.6
528	30132.1
528.1	30136.2
528.2	30140.8
528.3	30145
528.4	30149.5
528.5	30153.9
528.6	30158
528.7	30162.3
528.8	30166.6
528.9	30170.9
529	30175.3
529.1	30179.7
529.2	30183.7
529.3	30188.1
529.4	30192.1
529.5	30196.5
529.6	30200.9
529.7	30205.3
529.8	30209.4
529.9	30213.9
530	30220.5
530.1	30224.7
530.2	30229.2
530.3	30233.5
530.4	30238.1
530.5	30242.5
530.6	30246.7
530.7	30251
530.8	30255.3
530.9	30259.9
531	30264
531.1	30268.5
531.2	30272.6
531.3	30277.3
531.4	30281.6
531.5	30286.2
531.6	30290.5
531.7	30294.6
531.8	30299.1
531.9	30303.2
532	30307.8
532.1	30311.8
532.2	30316.4
532.3	30320.7
532.4	30325
532.5	30329.1
532.6	30333
532.7	30337.2
532.8	30341.1
532.9	30345.4
533	30349.5
533.1	30353.7
533.2	30358
533.3	30361.9
533.4	30366.3
533.5	30370.2
533.6	30374.5
533.7	30378.4
533.8	30382.7
533.9	30386.7
534	30391
534.1	30395.1
534.2	30399
534.3	30403.4
534.4	30407.3
534.5	30411.7
534.6	30415.6
534.7	30420.1
534.8	30424
534.9	30428.4
535	30434.5
535.1	30438.8
535.2	30442.8
535.3	30447
535.4	30451.1
535.5	30455
535.6	30459.3
535.7	30463.2
535.8	30467.7
535.9	30471.7
536	30476.1
536.1	30480
536.2	30484.5
536.3	30488.5
536.4	30492.7
536.5	30496.7
536.6	30501.1
536.7	30505.1
536.8	30509.4
536.9	30513.7
537	30517.6
537.1	30522
537.2	30525.9
537.3	30530.5
537.4	30534.4
537.5	30538.9
537.6	30543
537.7	30547.3
537.8	30551.5
537.9	30555.6
538	30559.8
538.1	30563.8
538.2	30568
538.3	30572.1
538.4	30575.9
538.5	30580.1
538.6	30584.2
538.7	30588.3
538.8	30592.5
538.9	30596.4
539	30600.7
539.1	30604.7
539.2	30608.9
539.3	30613
539.4	30616.9
539.5	30621.2
539.6	30625.1
539.7	30629.3
539.8	30633.1
539.9	30637.4
540	30643.8
540.1	30648.2
540.2	30652.4
540.3	30656.4
540.4	30660.7
540.5	30664.8
540.6	30668.9
540.7	30673.2
540.8	30677.2
540.9	30681.5
541	30685.3
541.1	30689.5
541.2	30693.5
541.3	30697.8
541.4	30701.8
541.5	30706.1
541.6	30710.2
541.7	30714.6
541.8	30718.5
541.9	30723
542	30727
542.1	30731.3
542.2	30735.3
542.3	30739.4
542.4	30743.5
542.5	30747.6
542.6	30751.5
542.7	30755.6
542.8	30759.8
542.9	30763.9
543	30768.1
543.1	30772.4
543.2	30776.6
543.3	30780.9
543.4	30785
543.5	30789
543.6	30793.4
543.7	30797.4
543.8	30801.7
543.9	30805.5
544	30809.9
544.1	30814
544.2	30818.2
544.3	30822.5
544.4	30826.5
544.5	30830.8
544.6	30834.6
544.7	30838.9
544.8	30843.1
544.9	30847.2
545	30854.1
545.1	30857.9
545.2	30862.1
545.3	30866.2
545.4	30870.1
545.5	30874.4
545.6	30878.2
545.7	30882.3
545.8	30886.5
545.9	30890.7
546	30894.5
546.1	30898.8
546.2	30903
546.3	30907.2
546.4	30911
546.5	30915.4
546.6	30919.3
546.7	30923.4
546.8	30927.4
546.9	30931.6
547	30935.6
547.1	30939.9
547.2	30943.7
547.3	30948
547.4	30951.8
547.5	30956.2
547.6	30960
547.7	30964.3
547.8	30968.2
547.9	30972.5
548	30976.5
548.1	30980.5
548.2	30984.4
548.3	30988.3
548.4	30992.6
548.5	30996.5
548.6	31000.8
548.7	31004.9
548.8	31009
548.9	31013.2
549	31017
549.1	31021
549.2	31025.3
549.3	31029.3
549.4	31033.3
549.5	31037.5
549.6	31041.4
549.7	31045.5
549.8	31049.7
549.9	31053.9
550	31060.3
550.1	31064.2
550.2	31068.3
550.3	31072.2
550.4	31076.3
550.5	31080.5
550.6	31084.3
550.7	31088.5
550.8	31092.5
550.9	31096.3
551	31100.3
551.1	31104.3
551.2	31108.1
551.3	31111.8
551.4	31116
551.5	31119.7
551.6	31123.6
551.7	31127.6
551.8	31131.4
551.9	31135.3
552	31139.3
552.1	31143.1
552.2	31147.3
552.3	31151.1
552.4	31155.3
552.5	31159.4
552.6	31163.2
552.7	31167.5
552.8	31171.3
552.9	31175.6
553	31179.3
553.1	31183.6
553.2	31187.3
553.3	31191.6
553.4	31195.4
553.5	31199.7
553.6	31203.5
553.7	31207.9
553.8	31212
553.9	31216.3
554	31220.4
554.1	31224.4
554.2	31228.6
554.3	31232.4
554.4	31236.8
554.5	31240.9
554.6	31244.7
554.7	31248.9
554.8	31252.8
554.9	31257
555	31263.2
555.1	31267.3
555.2	31271.5
555.3	31275.3
555.4	31279.5
555.5	31283.5
555.6	31287.7
555.7	31292
555.8	31296.1
555.9	31300
556	31304.4
556.1	31308.2
556.2	31312.3
556.3	31316.2
556.4	31320.5
556.5	31324.3
556.6	31328.7
556.7	31332.7
556.8	31337
556.9	31341
557	31345.3
557.1	31349.3
557.2	31353.5
557.3	31357.5
557.4	31361.7
557.5	31365.9
557.6	31370
557.7	31374
557.8	31378.2
557.9	31382.3
558	31386.3
558.1	31390.4
558.2	31394.5
558.3	31398.6
558.4	31402.6
558.5	31406.8
558.6	31410.4
558.7	31414.6
558.8	31418.8
558.9	31422.4
559	31426.4
559.1	31430.2
559.2	31434.4
559.3	31438.4
559.4	31442.6
559.5	31446.3
559.6	31450.4
559.7	31454.5
559.8	31458.6
559.9	31462.7
560	31468.7
560.1	31472.9
560.2	31476.8
560.3	31480.9
560.4	31485.2
560.5	31489.1
560.6	31493.3
560.7	31497.3
560.8	31501.4
560.9	31505.2
561	31509.1
561.1	31512.9
561.2	31517.2
561.3	31521.4
561.4	31525.5
561.5	31529.3
561.6	31533.5
561.7	31537.7
561.8	31541.6
561.9	31545.7
562	31549.5
562.1	31553.7
562.2	31557.7
562.3	31562
562.4	31566
562.5	31570.3
562.6	31574.3
562.7	31578.5
562.8	31582.6
562.9	31586.5
563	31590.7
563.1	31594.9
563.2	31598.9
563.3	31603
563.4	31607.1
563.5	31611.1
563.6	31615.3
563.7	31619.4
563.8	31623.6
563.9	31627.5
564	31631.6
564.1	31635.7
564.2	31639.6
564.3	31643.5
564.4	31647.6
564.5	31651.6
564.6	31655.8
564.7	31659.5
564.8	31663.5
564.9	31667.6
565	31673.9
565.1	31678
565.2	31682
565.3	31685.9
565.4	31690.1
565.5	31693.8
565.6	31697.8
565.7	31701.9
565.8	31706.1
565.9	31710.2
566	31714.2
566.1	31718.1
566.2	31722.2
566.3	31726.3
566.4	31730
566.5	31733.9
566.6	31737.8
566.7	31741.9
566.8	31746
566.9	31749.8
567	31754
567.1	31757.9
567.2	31761.9
567.3	31765.8
567.4	31769.8
567.5	31774
567.6	31778
567.7	31781.8
567.8	31785.6
567.9	31789.9
568	31794
568.1	31797.7
568.2	31801.7
568.3	31805.7
568.4	31809.7
568.5	31813.7
568.6	31817.6
568.7	31821.7
568.8	31825.9
568.9	31829.8
569	31834.1
569.1	31838.2
569.2	31842.4
569.3	31846.2
569.4	31850.6
569.5	31854.5
569.6	31858.8
569.7	31862.7
569.8	31866.9
569.9	31871
570	31877.3
570.1	31881.1
570.2	31885.3
570.3	31889.2
570.4	31893.3
570.5	31897.4
570.6	31901.3
570.7	31905.4
570.8	31909.5
570.9	31913.5
571	31917.2
571.1	31921.4
571.2	31925.5
571.3	31929.4
571.4	31933.6
571.5	31937.7
571.6	31941.6
571.7	31945.8
571.8	31949.5
571.9	31953.6
572	31957.7
572.1	31961.8
572.2	31965.8
572.3	31969.8
572.4	31973.7
572.5	31977.5
572.6	31981.4
572.7	31985.5
572.8	31989.2
572.9	31993.4
573	31997.1
573.1	32001.3
573.2	32005.1
573.3	32009.1
573.4	32013.3
573.5	32017.5
573.6	32021.4
573.7	32025.5
573.8	32029.7
573.9	32033.8
574	32037.7
574.1	32041.8
574.2	32045.9
574.3	32049.8
574.4	32053.8
574.5	32057.9
574.6	32061.8
574.7	32066
574.8	32070.2
574.9	32074.2
575	32080.4
575.1	32084.2
575.2	32088.4
575.3	32092.5
575.4	32096.5
575.5	32100.4
575.6	32104.4
575.7	32108.3
575.8	32112.4
575.9	32116.5
576	32120.6
576.1	32124.7
576.2	32128.8
576.3	32132.9
576.4	32137
576.5	32141
576.6	32144.8
576.7	32148.9
576.8	32152.9
576.9	32156.7
577	32160.5
577.1	32164.6
577.2	32168.7
577.3	32172.8
577.4	32176.6
577.5	32180.6
577.6	32184.4
577.7	32188.4
577.8	32192.5
577.9	32196.3
578	32200.4
578.1	32204.1
578.2	32208.1
578.3	32212.2
578.4	32216.3
578.5	32220.3
578.6	32224.6
578.7	32228.9
578.8	32232.9
578.9	32236.9
579	32240.9
579.1	32244.9
579.2	32248.9
579.3	32252.9
579.4	32256.8
579.5	32260.8
579.6	32264.7
579.7	32268.8
579.8	32272.9
579.9	32276.8
580	32283.2
580.1	32286.9
580.2	32291
580.3	32294.9
580.4	32298.9
580.5	32302.6
580.6	32306.7
580.7	32310.8
580.8	32314.7
580.9	32318.8
581	32323
581.1	32326.9
581.2	32330.7
581.3	32334.6
581.4	32338.9
581.5	32342.8
581.6	32346.9
581.7	32351
581.8	32355.2
581.9	32359
582	32363.1
582.1	32367.2
582.2	32371.2
582.3	32375.2
582.4	32379.4
582.5	32383.6
582.6	32387.5
582.7	32391.8
582.8	32395.9
582.9	32399.7
583	32403.7
583.1	32407.6
583.2	32411.7
583.3	32415.9
583.4	32420
583.5	32423.6
583.6	32427.7
583.7	32431.8
583.8	32435.8
583.9	32439.7
584	32443.7
584.1	32447.7
584.2	32451.6
584.3	32455.5
584.4	32459.5
584.5	32463.5
584.6	32467.6
584.7	32472.1
584.8	32476.4
584.9	32480.3
585	32486.8
585.1	32491.1
585.2	32495.3
585.3	32499.5
585.4	32503.8
585.5	32507.9
585.6	32512.1
585.7	32516.5
585.8	32520.8
585.9	32525
586	32529.2
586.1	32533.4
586.2	32537.6
586.3	32541.9
586.4	32546
586.5	32550.3
586.6	32554.5
586.7	32558.5
586.8	32562.8
586.9	32567
587	32571
587.1	32575
587.2	32579.3
587.3	32583.3
587.4	32587.7
587.5	32591.9
587.6	32596.1
587.7	32600.4
587.8	32604.4
587.9	32608.7
588	32612.5
588.1	32616.5
588.2	32620.6
588.3	32624.9
588.4	32629.1
588.5	32632.9
588.6	32637.2
588.7	32641.5
588.8	32645.5
588.9	32649.8
589	32653.9
589.1	32658.1
589.2	32662.2
589.3	32666.5
589.4	32670.5
589.5	32674.8
589.6	32678.8
589.7	32682.8
589.8	32687.5
589.9	32691.5
590	32697.9
590.1	32702.2
590.2	32706.2
590.3	32710.5
590.4	32714.7
590.5	32718.9
590.6	32723.1
590.7	32727.5
590.8	32731.5
590.9	32735.8
591	32740
591.1	32744.1
591.2	32748.1
591.3	32752.2
591.4	32756
591.5	32760.1
591.6	32764.3
591.7	32768.3
591.8	32772.3
591.9	32776.4
592	32780.4
592.1	32784.3
592.2	32788.3
592.3	32792.3
592.4	32796.3
592.5	32800.3
592.6	32804
592.7	32808.2
592.8	32812.2
592.9	32816.1
593	32820
593.1	32823.8
593.2	32827.7
593.3	32831.6
593.4	32835.5
593.5	32839.5
593.6	32843.5
593.7	32847.5
593.8	32851.6
593.9	32855.5
594	32859.2
594.1	32863.3
594.2	32867.3
594.3	32871.3
594.4	32875.4
594.5	32879.7
594.6	32883.8
594.7	32887.9
594.8	32891.9
594.9	32895.8
595	32902
595.1	32906
595.2	32910.1
595.3	32914.1
595.4	32918
595.5	32922.1
595.6	32926.1
595.7	32930.3
595.8	32934.4
595.9	32938.3
596	32942.3
596.1	32946.3
596.2	32950.3
596.3	32954.3
596.4	32958.4
596.5	32962.4
596.6	32966.3
596.7	32970.4
596.8	32974.4
596.9	32978.5
597	32982.6
597.1	32986.6
597.2	32990.7
597.3	32994.6
597.4	32998.6
597.5	33002.6
597.6	33006.8
597.7	33010.8
597.8	33014.9
597.9	33018.9
598	33022.9
598.1	33026.8
598.2	33030.8
598.3	33034.8
598.4	33038.8
598.5	33042.6
598.6	33046.4
598.7	33050.4
598.8	33054.3
598.9	33058.2
599	33062.2
599.1	33066
599.2	33069.9
599.3	33074.1
599.4	33078.1
599.5	33082.2
599.6	33086.1
599.7	33090
599.8	33093.9
599.9	33097.9
600	33103.9
600.1	33107.9
600.2	33111.8
600.3	33115.8
600.4	33119.8
600.5	33123.6
600.6	33127.4
600.7	33131.4
600.8	33135.2
600.9	33139.1
601	33143
601.1	33147
601.2	33150.8
601.3	33154.7
601.4	33158.6
601.5	33162.4
601.6	33166.3
601.7	33170.5
601.8	33174.4
601.9	33178.3
602	33182.2
602.1	33186
602.2	33190
602.3	33193.9
602.4	33197.9
602.5	33201.8
602.6	33205.7
602.7	33209.7
602.8	33213.7
602.9	33217.8
603	33221.5
603.1	33225.7
603.2	33229.5
603.3	33233.6
603.4	33237.5
603.5	33241.5
603.6	33245.3
603.7	33249.2
603.8	33253.1
603.9	33257
604	33260.5
604.1	33263.9
604.2	33267.7
604.3	33271.8
604.4	33275.1
604.5	33278.3
604.6	33282.4
604.7	33286.3
604.8	33289.4
604.9	33292.3
605	33297.3
605.1	33299.9
605.2	33302.6
605.3	33305.1
605.4	33307.6
605.5	33310.1
605.6	33312.6
605.7	33315.2
605.8	33317.7
605.9	33320.1
606	33322.6
606.1	33325.1
606.2	33327.5
606.3	33330.1
606.4	33332.5
606.5	33335
606.6	33337.4
606.7	33339.9
606.8	33342.3
606.9	33344.9
607	33347.3
607.1	33349.8
607.2	33352.2
607.3	33354.7
607.4	33357.1
607.5	33359.7
607.6	33362.2
607.7	33364.7
607.8	33367.2
607.9	33369.6
608	33372.1
608.1	33374.7
608.2	33377.1
608.3	33379.7
608.4	33382.2
608.5	33384.7
608.6	33387.1
608.7	33389.6
608.8	33392.1
608.9	33394.5
609	33396.9
609.1	33399.5
609.2	33401.9
609.3	33404.6
609.4	33407.1
609.5	33409.7
609.6	33412.2
609.7	33414.7
609.8	33417.1
609.9	33419.6
610	33424.2
610.1	33426.7
610.2	33429.2
610.3	33431.6
610.4	33434.2
610.5	33436.8
610.6	33439.3
610.7	33441.8
610.8	33444.2
610.9	33446.7
611	33449.2
611.1	33451.6
611.2	33454.1
611.3	33456.5
611.4	33459
611.5	33461.4
611.6	33464
611.7	33466.5
611.8	33469.2
611.9	33471.7
612	33474.3
612.1	33476.7
612.2	33479.3
612.3	33481.7
612.4	33484.2
612.5	33486.6
612.6	33489.1
612.7	33491.7
612.8	33494.2
612.9	33496.7
613	33499.1
613.1	33501.6
613.2	33504.1
613.3	33506.6
613.4	33509.1
613.5	33511.5
613.6	33514.1
613.7	33516.6
613.8	33519.1
613.9	33521.6
614	33524
614.1	33526.5
614.2	33528.9
614.3	33531.4
614.4	33533.9
614.5	33536.4
614.6	33538.9
614.7	33541.4
614.8	33543.8
614.9	33546.3
615	33551
615.1	33553.6
615.2	33556.1
615.3	33558.5
615.4	33561
615.5	33563.5
615.6	33566.1
615.7	33568.6
615.8	33571.1
615.9	33573.5
616	33576
616.1	33578.4
616.2	33580.9
616.3	33583.4
616.4	33585.9
616.5	33588.4
616.6	33591
616.7	33593.5
616.8	33596
616.9	33598.4
617	33601
617.1	33603.5
617.2	33606.1
617.3	33608.5
617.4	33611
617.5	33613.5
617.6	33616
617.7	33618.4
617.8	33620.9
617.9	33623.4
618	33625.9
618.1	33628.3
618.2	33630.8
618.3	33633.4
618.4	33635.9
618.5	33638.5
618.6	33641
618.7	33643.5
618.8	33646
618.9	33648.5
619	33651.1
619.1	33653.7
619.2	33656.1
619.3	33658.6
619.4	33661.1
619.5	33663.6
619.6	33666.1
619.7	33668.6
619.8	33671.2
619.9	33673.7
620	33678.4
620.1	33680.8
620.2	33683.3
620.3	33685.8
620.4	33688.2
620.5	33690.7
620.6	33693.1
620.7	33695.6
620.8	33698
620.9	33700.5
621	33703
621.1	33705.4
621.2	33707.9
621.3	33710.4
621.4	33712.9
621.5	33715.4
621.6	33717.8
621.7	33720.3
621.8	33722.7
621.9	33725.2
622	33727.6
622.1	33730.1
622.2	33732.5
622.3	33735
622.4	33737.6
622.5	33740
622.6	33742.5
622.7	33745
622.8	33747.4
622.9	33749.9
623	33752.4
623.1	33754.9
623.2	33757.4
623.3	33759.9
623.4	33762.4
623.5	33764.8
623.6	33767.4
623.7	33769.8
623.8	33772.3
623.9	33774.7
624	33777.2
624.1	33779.7
624.2	33782.2
624.3	33784.7
624.4	33787.2
624.5	33789.7
624.6	33792.3
624.7	33794.8
624.8	33797.2
624.9	33799.7
625	33804.5
625.1	33807
625.2	33809.4
625.3	33812
625.4	33814.5
625.5	33817.1
625.6	33819.7
625.7	33822.2
625.8	33824.7
625.9	33827.1
626	33829.6
626.1	33832.1
626.2	33834.5
626.3	33837
626.4	33839.5
626.5	33842
626.6	33844.7
626.7	33847.2
626.8	33849.7
626.9	33852.3
627	33854.8
627.1	33857.4
627.2	33859.9
627.3	33862.4
627.4	33864.9
627.5	33867.4
627.6	33869.9
627.7	33872.3
627.8	33874.9
627.9	33877.4
628	33879.8
628.1	33882.2
628.2	33884.7
628.3	33887.2
628.4	33889.7
628.5	33892.3
628.6	33894.8
628.7	33897.3
628.8	33899.8
628.9	33902.4
629	33904.9
629.1	33907.4
629.2	33909.8
629.3	33912.4
629.4	33914.9
629.5	33917.5
629.6	33920
629.7	33922.4
629.8	33925
629.9	33927.5
630	33932.2
630.1	33934.7
630.2	33937.2
630.3	33939.8
630.4	33942.2
630.5	33944.7
630.6	33947.3
630.7	33949.8
630.8	33952.3
630.9	33954.8
631	33957.3
631.1	33959.8
631.2	33962.3
631.3	33964.9
631.4	33967.4
631.5	33970
631.6	33972.5
631.7	33975.2
631.8	33977.7
631.9	33980.1
632	33982.6
632.1	33985
632.2	33987.5
632.3	33990.1
632.4	33992.7
632.5	33995.2
632.6	33997.7
632.7	34000.3
632.8	34002.8
632.9	34005.3
633	34007.8
633.1	34010.5
633.2	34013
633.3	34015.6
633.4	34018.2
633.5	34020.7
633.6	34023.2
633.7	34025.7
633.8	34028.3
633.9	34030.8
634	34033.4
634.1	34036
634.2	34038.5
634.3	34040.9
634.4	34043.5
634.5	34046
634.6	34048.5
634.7	34051
634.8	34053.6
634.9	34056.1
635	34060.9
635.1	34063.5
635.2	34066
635.3	34068.6
635.4	34071.3
635.5	34073.7
635.6	34076.3
635.7	34078.8
635.8	34081.3
635.9	34083.8
636	34086.3
636.1	34088.9
636.2	34091.5
636.3	34094
636.4	34096.5
636.5	34099
636.6	34101.5
636.7	34104.1
636.8	34106.6
636.9	34109.1
637	34111.6
637.1	34114.1
637.2	34116.6
637.3	34119.1
637.4	34121.6
637.5	34124.1
637.6	34126.8
637.7	34129.3
637.8	34131.8
637.9	34134.4
638	34136.9
638.1	34139.5
638.2	34142
638.3	34144.6
638.4	34147.1
638.5	34149.8
638.6	34152.3
638.7	34154.8
638.8	34157.3
638.9	34160.5
639	34164.4
639.1	34168.3
639.2	34172.3
639.3	34176.3
639.4	34180.2
639.5	34184.2
639.6	34187.9
639.7	34191.8
639.8	34195.9
639.9	34199.9
640	34205.8
640.1	34210
640.2	34214
640.3	34217.8
640.4	34221.9
640.5	34225.6
640.6	34229.7
640.7	34233.6
640.8	34237.7
640.9	34241.7
641	34245.4
641.1	34249.6
641.2	34253.6
641.3	34257.4
641.4	34261.5
641.5	34265.3
641.6	34269.3
641.7	34273.4
641.8	34277.3
641.9	34281.1
642	34284.9
642.1	34289.1
642.2	34293
642.3	34297.2
642.4	34301.2
642.5	34305.2
642.6	34309.1
642.7	34313.3
642.8	34317.3
642.9	34321.5
643	34325.5
643.1	34329.5
643.2	34333.3
643.3	34337.3
643.4	34341.4
643.5	34345.4
643.6	34349.2
643.7	34353.2
643.8	34357.3
643.9	34361.1
644	34365
644.1	34369
644.2	34372.9
644.3	34376.8
644.4	34380.7
644.5	34384.6
644.6	34388.7
644.7	34392.5
644.8	34396.3
644.9	34400.1
645	34406.3
645.1	34410.3
645.2	34414.2
645.3	34418.2
645.4	34422
645.5	34426
645.6	34430
645.7	34433.8
645.8	34438
645.9	34442.2
646	34446.3
646.1	34450.3
646.2	34454.4
646.3	34458.2
646.4	34462.3
646.5	34466.2
646.6	34470.1
646.7	34474.1
646.8	34478.1
646.9	34482.2
647	34486.1
647.1	34490.3
647.2	34494.4
647.3	34498.3
647.4	34502.5
647.5	34506.4
647.6	34510.3
647.7	34514.3
647.8	34518
647.9	34522.3
648	34526.3
648.1	34530.2
648.2	34534.2
648.3	34538.3
648.4	34542.2
648.5	34545.9
648.6	34550
648.7	34553.8
648.8	34557.8
648.9	34561.6
649	34565.5
649.1	34569.6
649.2	34573.5
649.3	34577.5
649.4	34581.6
649.5	34585.6
649.6	34589.5
649.7	34593.5
649.8	34597.4
649.9	34601.6
650	34607.7
650.1	34611.5
650.2	34615.3
650.3	34619.3
650.4	34623.6
650.5	34627.5
650.6	34631.5
650.7	34635.6
650.8	34639.4
650.9	34643.5
651	34647.4
651.1	34651.5
651.2	34655.4
651.3	34659.3
651.4	34663.3
651.5	34667
651.6	34671.2
651.7	34675.2
651.8	34679.2
651.9	34683.3
652	34687.2
652.1	34691
652.2	34695.1
652.3	34698.8
652.4	34702.7
652.5	34706.9
652.6	34711
652.7	34715.1
652.8	34719
652.9	34723.1
653	34727.3
653.1	34731.2
653.2	34735.1
653.3	34739.3
653.4	34743.1
653.5	34747.1
653.6	34751.1
653.7	34754.9
653.8	34759.1
653.9	34762.9
654	34766.8
654.1	34770.8
654.2	34774.5
654.3	34778.8
654.4	34782.8
654.5	34786.8
654.6	34790.8
654.7	34794.8
654.8	34798.7
654.9	34802.9
655	34809.3
655.1	34813.4
655.2	34817.3
655.3	34821.2
655.4	34825.2
655.5	34829.4
655.6	34833.1
655.7	34837.3
655.8	34841.2
655.9	34845.2
656	34849.2
656.1	34853.2
656.2	34857.2
656.3	34861.2
656.4	34865.2
656.5	34869.1
656.6	34873.2
656.7	34876.9
656.8	34881.1
656.9	34885.2
657	34889.3
657.1	34893.2
657.2	34897.2
657.3	34901.1
657.4	34905.2
657.5	34909.1
657.6	34913.2
657.7	34917.2
657.8	34921.1
657.9	34925.2
658	34929.3
658.1	34933.2
658.2	34937.3
658.3	34941.2
658.4	34945.1
658.5	34949.1
658.6	34953
658.7	34956.8
658.8	34960.8
658.9	34964.8
659	34968.9
659.1	34973.1
659.2	34977.3
659.3	34981.3
659.4	34985.3
659.5	34989.2
659.6	34993.2
659.7	34997.4
659.8	35001.3
659.9	35005.4
660	35011.5
660.1	35015.6
660.2	35019.3
660.3	35023.4
660.4	35027.5
660.5	35031.3
660.6	35035
660.7	35039.1
660.8	35043
660.9	35046.9
661	35050.9
661.1	35054.8
661.2	35058.9
661.3	35062.9
661.4	35066.9
661.5	35070.9
661.6	35074.7
661.7	35078.8
661.8	35082.5
661.9	35086.3
662	35090.3
662.1	35094.3
662.2	35098.2
662.3	35102.5
662.4	35106.6
662.5	35110.8
662.6	35114.9
662.7	35118.8
662.8	35122.7
662.9	35126.4
663	35130.2
663.1	35134.5
663.2	35138.7
663.3	35142.6
663.4	35146.7
663.5	35150.7
663.6	35154.9
663.7	35158.8
663.8	35162.9
663.9	35167
664	35171.3
664.1	35175.1
664.2	35179.3
664.3	35183.3
664.4	35187.4
664.5	35191.7
664.6	35195.8
664.7	35199.9
664.8	35203.9
664.9	35207.8
665	35214
665.1	35218.4
665.2	35222.3
665.3	35226.5
665.4	35230.7
665.5	35234.7
665.6	35238.8
665.7	35242.7
665.8	35246.9
665.9	35251.1
666	35255
666.1	35259.3
666.2	35263.4
666.3	35267.5
666.4	35271.2
666.5	35275.3
666.6	35279.4
666.7	35283.6
666.8	35287.6
666.9	35291.5
667	35295.5
667.1	35299.5
667.2	35303.5
667.3	35307.6
667.4	35311.6
667.5	35315.6
667.6	35319.5
667.7	35323.3
667.8	35327.3
667.9	35331.1
668	35335.2
668.1	35339.2
668.2	35343.1
668.3	35347.2
668.4	35351.1
668.5	35354.9
668.6	35359.1
668.7	35363.2
668.8	35367.2
668.9	35371.5
669	35375.4
669.1	35379.5
669.2	35383.6
669.3	35387.4
669.4	35391.5
669.5	35395.5
669.6	35399.5
669.7	35403.6
669.8	35407.9
669.9	35411.7
670	35418.1
670.1	35422.3
670.2	35426.4
670.3	35430.3
670.4	35434.2
670.5	35438.4
670.6	35442.5
670.7	35446.5
670.8	35450.6
670.9	35454.5
671	35458.7
671.1	35462.6
671.2	35466.7
671.3	35470.4
671.4	35474.7
671.5	35478.7
671.6	35482.8
671.7	35486.8
671.8	35490.7
671.9	35494.7
672	35498.5
672.1	35502.6
672.2	35506.9
672.3	35511.2
672.4	35515.3
672.5	35519.3
672.6	35523.3
672.7	35527.3
672.8	35531.4
672.9	35535.5
673	35539.7
673.1	35543.7
673.2	35547.6
673.3	35551.6
673.4	35555.4
673.5	35559.2
673.6	35563.3
673.7	35567.3
673.8	35571.2
673.9	35575.5
674	35579.6
674.1	35583.7
674.2	35587.7
674.3	35591.4
674.4	35595.6
674.5	35599.4
674.6	35603.5
674.7	35607.3
674.8	35611.5
674.9	35615.5
675	35621.6
675.1	35625.8
675.2	35629.7
675.3	35633.8
675.4	35638
675.5	35642
675.6	35646.3
675.7	35650.4
675.8	35654.6
675.9	35658.6
676	35662.8
676.1	35666.7
676.2	35670.6
676.3	35674.4
676.4	35678.6
676.5	35682.6
676.6	35686.3
676.7	35690.5
676.8	35694.4
676.9	35698.6
677	35702.8
677.1	35706.9
677.2	35710.8
677.3	35714.9
677.4	35719
677.5	35723.1
677.6	35727.2
677.7	35731.4
677.8	35735.3
677.9	35739.6
678	35743.7
678.1	35747.9
678.2	35751.7
678.3	35755.9
678.4	35759.9
678.5	35763.9
678.6	35767.9
678.7	35772
678.8	35775.9
678.9	35780.1
679	35784
679.1	35787.9
679.2	35791.9
679.3	35795.7
679.4	35799.6
679.5	35803.6
679.6	35807.6
679.7	35811.5
679.8	35815.5
679.9	35819.6
680	35825.9
680.1	35829.9
680.2	35834
680.3	35838
680.4	35842
680.5	35846.3
680.6	35850.4
680.7	35854.5
680.8	35858.5
680.9	35862.7
681	35866.8
681.1	35870.9
681.2	35874.9
681.3	35879
681.4	35882.9
681.5	35886.8
681.6	35890.8
681.7	35895
681.8	35899
681.9	35902.9
682	35907
682.1	35911
682.2	35915.2
682.3	35919
682.4	35922.9
682.5	35926.9
682.6	35931.1
682.7	35935.1
682.8	35939
682.9	35943.1
683	35947.1
683.1	35951
683.2	35954.9
683.3	35959.1
683.4	35962.8
683.5	35966.6
683.6	35970.6
683.7	35974.4
683.8	35978.6
683.9	35982.8
684	35986.8
684.1	35990.7
684.2	35994.8
684.3	35998.6
684.4	36002.5
684.5	36006.8
684.6	36010.7
684.7	36014.8
684.8	36018.9
684.9	36022.8
685	36029
685.1	36033.2
685.2	36037.6
685.3	36041.7
685.4	36045.9
685.5	36050
685.6	36054
685.7	36057.8
685.8	36061.9
685.9	36065.9
686	36069.8
686.1	36073.9
686.2	36077.8
686.3	36082
686.4	36086.3
686.5	36090.6
686.6	36094.6
686.7	36098.7
686.8	36102.6
686.9	36106.3
687	36110.4
687.1	36114.5
687.2	36118.5
687.3	36122.9
687.4	36127
687.5	36131.2
687.6	36135.2
687.7	36139.3
687.8	36143.4
687.9	36147.5
688	36151.6
688.1	36155.8
688.2	36159.9
688.3	36163.8
688.4	36167.9
688.5	36171.9
688.6	36175.8
688.7	36179.8
688.8	36183.9
688.9	36188.1
689	36192.3
689.1	36196.3
689.2	36200.5
689.3	36204.5
689.4	36208.9
689.5	36212.9
689.6	36217.2
689.7	36221.2
689.8	36225.3
689.9	36229.1
690	36235.5
690.1	36239.5
690.2	36243.6
690.3	36247.7
690.4	36251.9
690.5	36256.1
690.6	36260.1
690.7	36264.1
690.8	36267.9
690.9	36272.2
691	36276.2
691.1	36280.2
691.2	36284.1
691.3	36288.3
691.4	36292.4
691.5	36296.2
691.6	36300.2
691.7	36304.1
691.8	36308
691.9	36311.8
692	36315.9
692.1	36320
692.2	36324.2
692.3	36328.2
692.4	36332.4
692.5	36336.5
692.6	36340.6
692.7	36344.5
692.8	36348.7
692.9	36352.8
693	36356.9
693.1	36361.1
693.2	36365.2
693.3	36369.2
693.4	36373.5
693.5	36377.8
693.6	36382.2
693.7	36386.4
693.8	36390.8
693.9	36394.9
694	36399.4
694.1	36403.7
694.2	36408.1
694.3	36412.2
694.4	36416.6
694.5	36420.8
694.6	36425.4
694.7	36429.7
694.8	36434.2
694.9	36438.4
695	36444.5
695.1	36448.8
695.2	36453.1
695.3	36457.2
695.4	36461
695.5	36465.3
695.6	36469.3
695.7	36473.6
695.8	36477.6
695.9	36481.8
696	36486
696.1	36490.1
696.2	36494.1
696.3	36498.3
696.4	36502.4
696.5	36506.6
696.6	36510.9
696.7	36515.1
696.8	36519.3
696.9	36523.5
697	36527.5
697.1	36531.7
697.2	36535.7
697.3	36539.7
697.4	36543.6
697.5	36547.7
697.6	36551.9
697.7	36556.2
697.8	36560.3
697.9	36564.4
698	36568.4
698.1	36572.6
698.2	36576.6
698.3	36581.1
698.4	36585.3
698.5	36589.4
698.6	36593.6
698.7	36597.7
698.8	36601.6
698.9	36605.8
699	36609.9
699.1	36613.9
699.2	36618
699.3	36622.3
699.4	36626.3
699.5	36630.4
699.6	36634.4
699.7	36638.4
699.8	36642.5
699.9	36646.6
700	36653
700.1	36657.1
700.2	36661.1
700.3	36665.3
700.4	36669.2
700.5	36673.3
700.6	36677
700.7	36681.2
700.8	36685.1
700.9	36689.3
701	36693.4
701.1	36697.6
701.2	36701.6
701.3	36705.9
701.4	36709.8
701.5	36714
701.6	36718
701.7	36722
701.8	36726.2
701.9	36730.6
702	36734.7
702.1	36738.6
702.2	36742.7
702.3	36746.7
702.4	36750.8
702.5	36755
702.6	36759
702.7	36762.7
702.8	36766.9
702.9	36771.2
703	36775.5
703.1	36779.5
703.2	36783.6
703.3	36787.7
703.4	36791.7
703.5	36795.8
703.6	36799.8
703.7	36804
703.8	36808
703.9	36812.3
704	36816.3
704.1	36820.7
704.2	36824.8
704.3	36829.1
704.4	36833.4
704.5	36837.4
704.6	36841.6
704.7	36845.7
704.8	36850
704.9	36854.2
705	36860.4
705.1	36864.4
705.2	36868.2
705.3	36872.4
705.4	36876.6
705.5	36880.7
705.6	36884.9
705.7	36888.9
705.8	36893.1
705.9	36897.2
706	36901.4
706.1	36905.5
706.2	36909.5
706.3	36913.3
706.4	36917.5
706.5	36921.8
706.6	36925.9
706.7	36929.9
706.8	36934.2
706.9	36938
707	36942
707.1	36945.9
707.2	36949.9
707.3	36953.9
707.4	36958.1
707.5	36962.3
707.6	36966.3
707.7	36970.6
707.8	36974.7
707.9	36978.9
708	36983.1
708.1	36987
708.2	36991.5
708.3	36995.6
708.4	36999.9
708.5	37003.9
708.6	37007.8
708.7	37011.9
708.8	37016.1
708.9	37020.2
709	37024.2
709.1	37028.2
709.2	37032
709.3	37036.1
709.4	37040.3
709.5	37044.4
709.6	37048.5
709.7	37052.7
709.8	37056.6
709.9	37060.7
710	37066.9
710.1	37071
710.2	37075.2
710.3	37079.2
710.4	37083.3
710.5	37087.1
710.6	37090.8
710.7	37094.9
710.8	37099
710.9	37103
711	37107.3
711.1	37111.3
711.2	37115.5
711.3	37119.7
711.4	37123.6
711.5	37127.4
711.6	37131.6
711.7	37135.8
711.8	37139.8
711.9	37144
712	37148
712.1	37151.8
712.2	37155.6
712.3	37159.6
712.4	37163.3
712.5	37167.2
712.6	37171.6
712.7	37175.9
712.8	37179.9
712.9	37184.3
713	37188.5
713.1	37192.7
713.2	37196.9
713.3	37200.9
713.4	37205
713.5	37209.2
713.6	37213.3
713.7	37217.3
713.8	37221.7
713.9	37225.8
714	37230.2
714.1	37234.3
714.2	37238.6
714.3	37242.7
714.4	37246.6
714.5	37250.9
714.6	37255
714.7	37258.9
714.8	37263
714.9	37266.8
715	37273.1
715.1	37277.1
715.2	37280.9
715.3	37285.3
715.4	37289.3
715.5	37293.4
715.6	37297.6
715.7	37301.6
715.8	37305.7
715.9	37309.8
716	37313.7
716.1	37317.9
716.2	37321.9
716.3	37326.1
716.4	37330.2
716.5	37334.2
716.6	37338.3
716.7	37342.3
716.8	37346.4
716.9	37350.6
717	37354.6
717.1	37358.8
717.2	37362.9
717.3	37366.9
717.4	37371
717.5	37374.9
717.6	37379.2
717.7	37383.1
717.8	37387.2
717.9	37391.3
718	37395
718.1	37399.1
718.2	37403.1
718.3	37407.3
718.4	37411.5
718.5	37415.2
718.6	37419
718.7	37423.2
718.8	37427.1
718.9	37431.2
719	37435.4
719.1	37439.4
719.2	37443.7
719.3	37447.8
719.4	37451.8
719.5	37455.8
719.6	37460
719.7	37464
719.8	37468.2
719.9	37472.4
720	37478.6
720.1	37482.8
720.2	37486.8
720.3	37490.8
720.4	37494.6
720.5	37498.7
720.6	37502.6
720.7	37506.7
720.8	37510.8
720.9	37514.8
721	37518.8
721.1	37523.2
721.2	37527.2
721.3	37531.3
721.4	37535.8
721.5	37540.1
721.6	37544.3
721.7	37548.3
721.8	37552.2
721.9	37556.1
722	37560.2
722.1	37564.3
722.2	37568.3
722.3	37572.3
722.4	37576.4
722.5	37580.4
722.6	37584.6
722.7	37588.8
722.8	37592.9
722.9	37597.1
723	37601.1
723.1	37605.2
723.2	37609.2
723.3	37613.5
723.4	37617.7
723.5	37621.8
723.6	37626.1
723.7	37630.4
723.8	37634.6
723.9	37638.4
724	37642.6
724.1	37646.6
724.2	37650.8
724.3	37654.8
724.4	37659.2
724.5	37663.4
724.6	37667.8
724.7	37671.8
724.8	37676
724.9	37680.3
725	37686.6
725.1	37690.8
725.2	37694.9
725.3	37698.8
725.4	37703
725.5	37707
725.6	37711.3
725.7	37715.4
725.8	37719.5
725.9	37723.7
726	37727.8
726.1	37731.5
726.2	37735.7
726.3	37740
726.4	37743.9
726.5	37748.2
726.6	37752.3
726.7	37756.4
726.8	37760.4
726.9	37764.4
727	37768.7
727.1	37772.7
727.2	37776.8
727.3	37780.9
727.4	37785
727.5	37788.8
727.6	37792.7
727.7	37796.8
727.8	37800.8
727.9	37804.9
728	37809.2
728.1	37813.3
728.2	37817.4
728.3	37821.4
728.4	37825.4
728.5	37829.6
728.6	37833.7
728.7	37837.8
728.8	37841.8
728.9	37845.9
729	37850
729.1	37853.7
729.2	37857.9
729.3	37862
729.4	37866
729.5	37870.2
729.6	37873.9
729.7	37878
729.8	37881.9
729.9	37885.8
730	37892.3
730.1	37896.2
730.2	37900.6
730.3	37904.7
730.4	37908.9
730.5	37912.8
730.6	37916.8
730.7	37920.8
730.8	37924.7
730.9	37928.9
731	37932.9
731.1	37936.9
731.2	37940.7
731.3	37944.9
731.4	37949.1
731.5	37953.2
731.6	37957.3
731.7	37961.5
731.8	37965.6
731.9	37969.8
732	37973.9
732.1	37978.1
732.2	37981.8
732.3	37985.6
732.4	37989.8
732.5	37993.8
732.6	37997.9
732.7	38002.1
732.8	38005.9
732.9	38009.9
733	38013.9
733.1	38017.6
733.2	38021.8
733.3	38026
733.4	38030
733.5	38034.2
733.6	38038.3
733.7	38042.5
733.8	38046.4
733.9	38050.4
734	38054.5
734.1	38058.7
734.2	38062.8
734.3	38066.9
734.4	38071
734.5	38075.1
734.6	38079.4
734.7	38083.4
734.8	38087.5
734.9	38091.8
735	38098.1
735.1	38102.2
735.2	38106.2
735.3	38109.9
735.4	38114.2
735.5	38118.3
735.6	38122.3
735.7	38126.4
735.8	38130.7
735.9	38134.8
736	38138.8
736.1	38142.8
736.2	38146.9
