0.0011999	165
0.00263965	139
0.00436705	124
0.00643992	130
0.00892676	138
0.0119101	156
0.0154883	165
0.0197816	162
0.0249318	150
0.031112	130
0.0385282	131
0.0474198	137
0.0580705	156
0.0708403	165
0.0861483	162
0.104484	150
0.126437	130
0.15278	130
0.184256	136
0.221879	155
0.266955	163
0.32074	163
0.384839	152
0.461759	130
0.552523	128
0.651356	136
0.750189	152
0.849022	162
0.947855	163
1.04669	150
1.14552	136
1.24435	127
1.34319	135
1.44202	152
1.54085	160
1.63968	163
1.73852	152
1.83735	133
1.93618	127
2.03502	134
2.13385	150
2.23268	159
2.33151	162
2.43035	151
2.52918	132
2.62801	124
2.72685	133
2.82568	142
2.92451	158
3.02334	162
3.12218	150
3.22101	133
3.31984	122
3.41867	132
3.51751	140
3.61634	156
3.71517	159
3.81401	141
3.91284	133
4.01167	125
4.1105	130
4.20934	136
4.30817	152
4.407	158
4.50584	140
4.60467	133
4.7035	125
4.80233	129
4.90117	136
5	149
5.1	155
5.2	138
5.3	133
5.4	126
5.5	126
5.6	134
5.7	139
5.8	149
5.9	138
6	133
6.1	126
6.2	123
6.3	132
6.4	136
6.5	140
6.6	134
6.7	134
6.8	121
6.9	125
7	129
7.1	133
7.2	136
7.3	134
7.4	126
7.5	119
7.6	113
7.7	127
7.8	132
7.9	133
8	129
8.1	124
8.2	124
8.3	123
8.4	123
8.5	128
8.6	129
8.7	128
8.8	123
8.9	113
9	118
9.1	121
9.2	125
9.3	126
9.4	124
9.5	121
9.6	115
9.7	118
9.8	119
9.9	122
10	123
10.1	123
10.2	120
10.3	113
10.4	105
10.5	113
10.6	120
10.7	121
10.8	120
10.9	117
11	112
11.1	110
11.2	114
11.3	118
11.4	118
11.5	118
11.6	115
11.7	117
11.8	112
11.9	106
12	115
12.1	116
12.2	115
12.3	111
12.4	108
12.5	110
12.6	107
12.7	112
12.8	113
12.9	112
13	109
13.1	105
13.2	108
13.3	105
13.4	106
13.5	107
13.6	104
13.7	103
13.8	106
13.9	109
14	107
14.1	104
14.2	104
14.3	104
14.4	104
14.5	95
14.6	105
14.7	103
14.8	90
14.9	99
15	99
15.1	96
15.2	94
15.3	108
15.4	95
15.5	95
15.6	95
15.7	95
15.8	94
15.9	95
16	103
16.1	102
16.2	101
16.3	102
16.4	102
16.5	102
16.6	99
16.7	102
16.8	93
16.9	66
17	102
17.1	102
17.2	102
17.3	102
17.4	101
17.5	103
17.6	102
17.7	105
17.8	105
17.9	105
18	103
18.1	96
18.2	102
18.3	101
18.4	102
18.5	102
18.6	103
18.7	101
18.8	101
18.9	101
19	98
19.1	102
19.2	102
19.3	101
19.4	102
19.5	100
19.6	97
19.7	102
19.8	99
19.9	102
20	101
20.1	101
20.2	102
20.3	90
20.4	102
20.5	103
20.6	102
20.7	95
20.8	101
20.9	99
21	101
21.1	97
21.2	93
21.3	101
21.4	96
21.5	99
21.6	99
21.7	88
21.8	101
21.9	100
22	85
22.1	102
22.2	101
22.3	101
22.4	101
22.5	100
22.6	99
22.7	88
22.8	101
22.9	101
23	87
23.1	98
23.2	98
23.3	99
23.4	96
23.5	99
23.6	102
23.7	95
23.8	100
23.9	99
24	99
24.1	102
24.2	102
24.3	90
24.4	100
24.5	93
24.6	100
24.7	100
24.8	101
24.9	99
25	98
25.1	99
25.2	99
25.3	73
25.4	102
25.5	96
25.6	96
25.7	93
25.8	100
25.9	99
26	100
26.1	96
26.2	99
26.3	100
26.4	101
26.5	101
26.6	102
26.7	103
26.8	99
26.9	102
27	99
27.1	97
27.2	98
27.3	101
27.4	100
27.5	101
27.6	100
27.7	102
27.8	102
27.9	102
28	102
28.1	102
28.2	102
28.3	97
28.4	100
28.5	98
28.6	99
28.7	100
28.8	99
28.9	97
29	100
29.1	98
29.2	97
29.3	100
29.4	98
29.5	101
29.6	99
29.7	101
29.8	100
29.9	97
30	100
30.1	98
30.2	97
30.3	100
30.4	99
30.5	99
30.6	100
30.7	98
30.8	97
30.9	100
31	98
31.1	96
31.2	100
31.3	98
31.4	97
31.5	100
31.6	98
31.7	97
31.8	100
31.9	98
32	97
32.1	100
32.2	98
32.3	97
32.4	100
32.5	98
32.6	97
32.7	100
32.8	98
32.9	97
33	100
33.1	98
33.2	97
33.3	100
33.4	98
33.5	97
33.6	100
33.7	98
33.8	96
33.9	100
34	98
34.1	96
34.2	100
34.3	98
34.4	96
34.5	100
34.6	98
34.7	96
34.8	100
34.9	98
35	96
35.1	100
35.2	98
35.3	96
35.4	100
35.5	98
35.6	96
35.7	99
35.8	98
35.9	96
36	99
36.1	98
36.2	96
36.3	99
36.4	98
36.5	96
36.6	99
36.7	98
36.8	96
36.9	99
37	98
37.1	95
37.2	99
37.3	98
37.4	96
37.5	99
37.6	98
37.7	96
37.8	99
37.9	98
38	95
38.1	99
38.2	98
38.3	95
38.4	99
38.5	98
38.6	95
38.7	99
38.8	98
38.9	95
39	99
39.1	98
39.2	95
39.3	99
39.4	98
39.5	95
39.6	99
39.7	98
39.8	95
39.9	99
40	98
40.1	95
40.2	99
40.3	97
40.4	95
40.5	99
40.6	97
40.7	95
40.8	99
40.9	97
41	95
41.1	99
41.2	97
41.3	95
41.4	98
41.5	97
41.6	95
41.7	98
41.8	97
41.9	95
42	98
42.1	97
42.2	95
42.3	98
42.4	97
42.5	95
42.6	98
42.7	97
42.8	95
42.9	98
43	97
43.1	95
43.2	98
43.3	97
43.4	95
43.5	98
43.6	97
43.7	95
43.8	98
43.9	97
44	95
44.1	98
44.2	97
44.3	95
44.4	98
44.5	97
44.6	95
44.7	98
44.8	97
44.9	95
45	97
45.1	97
45.2	95
45.3	97
45.4	97
45.5	95
45.6	97
45.7	97
45.8	95
45.9	97
46	97
46.1	95
46.2	97
46.3	97
46.4	95
46.5	97
46.6	97
46.7	95
46.8	97
46.9	97
47	95
47.1	97
47.2	96
47.3	95
47.4	97
47.5	96
47.6	95
47.7	97
47.8	96
47.9	95
48	97
48.1	96
48.2	95
48.3	96
48.4	96
48.5	95
48.6	96
48.7	96
48.8	95
48.9	97
49	96
49.1	95
49.2	97
49.3	96
49.4	95
49.5	97
49.6	96
49.7	95
49.8	96
49.9	96
50	95
50.1	96
50.2	96
50.3	95
50.4	96
50.5	96
50.6	95
50.7	96
50.8	96
50.9	95
51	96
51.1	96
51.2	95
51.3	96
51.4	96
51.5	95
51.6	96
51.7	96
51.8	95
51.9	96
52	96
52.1	95
52.2	96
52.3	96
52.4	95
52.5	96
52.6	96
52.7	95
52.8	96
52.9	96
53	94
53.1	96
53.2	96
53.3	94
53.4	95
53.5	96
53.6	94
53.7	96
53.8	96
53.9	95
54	95
54.1	96
54.2	94
54.3	95
54.4	96
54.5	94
54.6	95
54.7	96
54.8	94
54.9	95
55	96
55.1	94
55.2	95
55.3	96
55.4	94
55.5	95
55.6	96
55.7	94
55.8	95
55.9	96
56	94
56.1	95
56.2	96
56.3	94
56.4	95
56.5	96
56.6	94
56.7	95
56.8	96
56.9	94
57	94
57.1	96
57.2	94
57.3	95
57.4	95
57.5	94
57.6	94
57.7	95
57.8	94
57.9	95
58	95
58.1	94
58.2	94
58.3	95
58.4	94
58.5	95
58.6	95
58.7	94
58.8	94
58.9	95
59	94
59.1	94
59.2	95
59.3	94
59.4	94
59.5	95
59.6	94
59.7	94
59.8	95
59.9	93
60	95
60.1	93
60.2	94
60.3	94
60.4	94
60.5	94
60.6	95
60.7	94
60.8	95
60.9	93
61	95
61.1	94
61.2	94
61.3	93
61.4	95
61.5	93
61.6	95
61.7	94
61.8	93
61.9	94
62	95
62.1	94
62.2	93
62.3	95
62.4	94
62.5	94
62.6	92
62.7	94
62.8	94
62.9	94
63	94
63.1	94
63.2	94
63.3	94
63.4	92
63.5	93
63.6	94
63.7	93
63.8	94
63.9	94
64	94
64.1	92
64.2	93
64.3	94
64.4	93
64.5	93
64.6	95
64.7	93
64.8	94
64.9	92
65	93
65.1	94
65.2	93
65.3	94
65.4	94
65.5	94
65.6	94
65.7	94
65.8	94
65.9	94
66	94
66.1	94
66.2	94
66.3	94
66.4	94
66.5	94
66.6	94
66.7	94
66.8	94
66.9	94
67	94
67.1	94
67.2	94
67.3	94
67.4	94
67.5	94
67.6	94
67.7	94
67.8	94
67.9	94
68	94
68.1	94
68.2	94
68.3	94
68.4	94
68.5	94
68.6	94
68.7	94
68.8	94
68.9	94
69	94
69.1	94
69.2	94
69.3	94
69.4	94
69.5	94
69.6	94
69.7	94
69.8	94
69.9	94
70	94
70.1	94
70.2	94
70.3	94
70.4	94
70.5	94
70.6	94
70.7	93
70.8	93
70.9	93
71	93
71.1	93
71.2	93
71.3	93
71.4	93
71.5	93
71.6	93
71.7	93
71.8	93
71.9	93
72	93
72.1	93
72.2	93
72.3	93
72.4	93
72.5	93
72.6	93
72.7	93
72.8	93
72.9	92
73	92
73.1	92
73.2	92
73.3	92
73.4	92
73.5	92
73.6	92
73.7	92
73.8	92
73.9	92
74	60
74.1	83
74.2	91
74.3	86
74.4	94
74.5	92
74.6	91
74.7	92
74.8	91
74.9	92
75	91
75.1	92
75.2	91
75.3	92
75.4	91
75.5	92
75.6	91
75.7	92
75.8	91
75.9	92
76	91
76.1	92
76.2	91
76.3	92
76.4	91
76.5	92
76.6	91
76.7	91
76.8	91
76.9	91
77	90
77.1	82
77.2	91
77.3	84
77.4	82
77.5	87
77.6	65
77.7	81
77.8	84
77.9	89
78	89
78.1	91
78.2	89
78.3	87
78.4	89
78.5	84
78.6	89
78.7	83
78.8	89
78.9	88
79	87
79.1	59
79.2	80
79.3	90
79.4	82
79.5	93
79.6	90
79.7	91
79.8	91
79.9	82
80	90
80.1	81
80.2	93
80.3	88
80.4	89
80.5	90
80.6	82
80.7	90
80.8	81
80.9	83
81	78
81.1	83
81.2	83
81.3	90
81.4	83
81.5	86
81.6	83
81.7	88
81.8	86
81.9	90
82	60
82.1	81
82.2	90
82.3	87
82.4	86
82.5	82
82.6	81
82.7	91
82.8	83
82.9	89
83	84
83.1	87
83.2	81
83.3	92
83.4	81
83.5	91
83.6	86
83.7	84
83.8	82
83.9	76
84	86
84.1	82
84.2	87
84.3	81
84.4	87
84.5	80
84.6	91
84.7	82
84.8	90
84.9	83
85	85
85.1	81
85.2	92
85.3	80
85.4	90
85.5	77
85.6	54
85.7	84
85.8	84
85.9	76
86	84
86.1	81
86.2	81
86.3	87
86.4	81
86.5	87
86.6	83
86.7	86
86.8	83
86.9	91
87	79
87.1	87
87.2	80
87.3	87
87.4	78
87.5	86
87.6	81
87.7	89
87.8	87
87.9	83
88	84
88.1	81
88.2	86
88.3	81
88.4	87
88.5	79
88.6	88
88.7	85
88.8	86
88.9	80
89	90
89.1	79
89.2	89
89.3	83
89.4	81
89.5	82
89.6	91
89.7	74
89.8	81
89.9	87
90	79
90.1	88
90.2	87
90.3	83
90.4	78
90.5	90
90.6	76
90.7	81
90.8	84
90.9	87
91	79
91.1	78
91.2	84
91.3	84
91.4	80
91.5	86
91.6	89
91.7	81
91.8	74
91.9	91
92	76
92.1	80
92.2	79
92.3	49
92.4	49
92.5	48
92.6	50
92.7	50
92.8	49
92.9	41
93	49
93.1	46
93.2	40
93.3	49
93.4	45
93.5	48
93.6	48
93.7	48
93.8	56
93.9	48
94	50
94.1	54
94.2	37
94.3	50
94.4	49
94.5	51
94.6	48
94.7	56
94.8	45
94.9	55
95	42
95.1	55
95.2	48
95.3	40
95.4	48
95.5	45
95.6	52
95.7	53
95.8	49
95.9	49
96	54
96.1	55
96.2	69
96.3	46
96.4	53
96.5	51
96.6	34
96.7	50
96.8	47
96.9	46
97	43
97.1	49
97.2	45
97.3	43
97.4	48
97.5	45
97.6	44
97.7	49
97.8	45
97.9	43
98	48
98.1	45
98.2	39
98.3	49
98.4	43
98.5	48
98.6	47
98.7	46
98.8	50
98.9	47
99	49
99.1	48
99.2	48
99.3	46
99.4	53
99.5	47
99.6	44
99.7	53
99.8	54
99.9	49
100	49
100.1	45
100.2	41
100.3	47
100.4	45
100.5	44
100.6	47
100.7	45
100.8	38
100.9	48
101	44
101.1	46
101.2	47
101.3	47
101.4	49
101.5	46
101.6	48
101.7	48
101.8	49
101.9	45
102	53
102.1	46
102.2	44
102.3	52
102.4	53
102.5	42
102.6	49
102.7	45
102.8	37
102.9	46
103	44
103.1	46
103.2	47
103.3	45
103.4	37
103.5	47
103.6	44
103.7	45
103.8	47
103.9	45
104	37
104.1	47
104.2	43
104.3	45
104.4	47
104.5	45
104.6	37
104.7	47
104.8	43
104.9	44
105	47
105.1	44
105.2	45
105.3	46
105.4	44
105.5	37
105.6	46
105.7	43
105.8	45
105.9	47
106	45
106.1	37
106.2	46
106.3	43
106.4	45
106.5	46
106.6	44
106.7	37
106.8	46
106.9	43
107	46
107.1	46
107.2	45
107.3	44
107.4	46
107.5	45
107.6	45
107.7	46
107.8	44
107.9	36
108	47
108.1	43
108.2	45
108.3	46
108.4	43
108.5	37
108.6	45
108.7	44
108.8	46
108.9	46
109	44
109.1	46
109.2	45
109.3	45
109.4	45
109.5	46
109.6	43
109.7	47
109.8	44
109.9	43
110	51
110.1	33
110.2	46
110.3	44
110.4	40
110.5	46
110.6	43
110.7	34
110.8	47
110.9	42
111	50
111.1	43
111.2	45
111.3	49
111.4	46
111.5	46
111.6	44
111.7	46
111.8	44
111.9	43
112	50
112.1	33
112.2	45
112.3	44
112.4	49
112.5	48
112.6	43
112.7	41
112.8	50
112.9	44
113	45
113.1	49
113.2	43
113.3	48
113.4	49
113.5	45
113.6	45
113.7	46
113.8	37
113.9	45
114	42
114.1	35
114.2	46
114.3	41
114.4	50
114.5	39
114.6	44
114.7	47
114.8	32
114.9	45
115	43
115.1	30
115.2	48
115.3	41
115.4	44
115.5	45
115.6	42
115.7	34
115.8	45
115.9	42
116	42
116.1	45
116.2	42
116.3	36
116.4	45
116.5	42
116.6	43
116.7	45
116.8	44
116.9	34
117	44
117.1	42
117.2	50
117.3	45
117.4	44
117.5	49
117.6	45
117.7	46
117.8	43
117.9	38
118	45
118.1	41
118.2	33
118.3	47
118.4	41
118.5	49
118.6	41
118.7	43
118.8	46
118.9	35
119	44
119.1	42
119.2	49
119.3	46
119.4	41
119.5	41
119.6	50
119.7	43
119.8	44
119.9	49
120	40
120.1	44
120.2	41
120.3	49
120.4	45
120.5	43
120.6	46
120.7	49
120.8	37
120.9	44
121	42
121.1	31
121.2	45
121.3	41
121.4	49
121.5	47
121.6	43
121.7	43
121.8	48
121.9	49
122	32
122.1	45
122.2	43
122.3	43
122.4	43
122.5	41
122.6	49
122.7	33
122.8	43
122.9	43
123	49
123.1	49
123.2	44
123.3	43
123.4	44
123.5	47
123.6	45
123.7	36
123.8	43
123.9	41
124	49
124.1	46
124.2	44
124.3	41
124.4	47
124.5	25
124.6	45
124.7	41
124.8	34
124.9	44
125	40
125.1	43
125.2	43
125.3	42
125.4	40
125.5	41
125.6	41
125.7	49
125.8	42
125.9	43
126	43
126.1	49
126.2	39
126.3	42
126.4	45
126.5	42
126.6	44
126.7	41
126.8	34
126.9	43
127	39
127.1	43
127.2	43
127.3	41
127.4	42
127.5	37
127.6	40
127.7	49
127.8	43
127.9	42
128	43
128.1	43
128.2	28
128.3	43
128.4	40
128.5	48
128.6	45
128.7	37
128.8	43
128.9	48
129	40
129.1	44
129.2	40
129.3	48
129.4	38
129.5	40
129.6	41
129.7	46
129.8	39
129.9	40
130	43
130.1	40
130.2	43
130.3	41
130.4	33
130.5	43
130.6	40
130.7	44
130.8	43
130.9	41
131	40
131.1	38
131.2	40
131.3	48
131.4	31
131.5	40
131.6	40
131.7	46
131.8	43
131.9	28
132	35
132.1	27
132.2	55
132.3	37
132.4	48
132.5	37
132.6	40
132.7	37
132.8	36
132.9	32
133	35
133.1	36
133.2	35
133.3	28
133.4	35
133.5	35
133.6	36
133.7	25
133.8	35
133.9	34
134	36
134.1	25
134.2	35
134.3	34
134.4	36
134.5	26
134.6	35
134.7	34
134.8	36
134.9	33
135	26
135.1	33
135.2	34
135.3	35
135.4	35
135.5	30
135.6	34
135.7	34
135.8	36
135.9	31
136	34
136.1	34
136.2	36
136.3	33
136.4	25
136.5	33
136.6	33
136.7	35
136.8	35
136.9	33
137	34
137.1	34
137.2	35
137.3	25
137.4	35
137.5	35
137.6	36
137.7	31
137.8	34
137.9	34
138	35
138.1	35
138.2	29
138.3	33
138.4	34
138.5	35
138.6	35
138.7	27
138.8	35
138.9	34
139	35
139.1	25
139.2	35
139.3	35
139.4	36
139.5	32
139.6	34
139.7	34
139.8	34
139.9	35
140	26
140.1	33
140.2	34
140.3	36
140.4	23
140.5	33
140.6	34
140.7	35
140.8	34
140.9	27
141	34
141.1	33
141.2	36
141.3	23
141.4	34
141.5	33
141.6	35
141.7	25
141.8	34
141.9	34
142	35
142.1	34
142.2	28
142.3	33
142.4	34
142.5	36
142.6	34
142.7	27
142.8	37
142.9	38
143	24
143.1	33
143.2	33
143.3	35
143.4	23
143.5	32
143.6	33
143.7	37
143.8	25
143.9	33
144	33
144.1	31
144.2	33
144.3	25
144.4	35
144.5	30
144.6	36
144.7	30
144.8	25
144.9	32
145	28
145.1	31
145.2	31
145.3	24
145.4	28
145.5	30
145.6	27
145.7	30
145.8	32
145.9	22
146	28
146.1	30
146.2	26
146.3	30
146.4	28
146.5	30
146.6	29
146.7	28
146.8	27
146.9	33
147	26
147.1	30
147.2	30
147.3	23
147.4	52
147.5	50
147.6	40
147.7	36
147.8	68
147.9	74
148	81
148.1	72
148.2	42
148.3	40
148.4	49
148.5	49
148.6	35
148.7	40
148.8	39
148.9	43
149	45
149.1	43
149.2	43
149.3	36
149.4	41
149.5	38
149.6	43
149.7	47
149.8	42
149.9	41
150	36
150.1	47
150.2	38
150.3	40
150.4	43
150.5	40
150.6	39
150.7	46
150.8	41
150.9	36
151	43
151.1	40
151.2	36
151.3	44
151.4	40
151.5	36
151.6	44
151.7	41
151.8	37
151.9	48
152	41
152.1	37
152.2	45
152.3	41
152.4	37
152.5	46
152.6	42
152.7	37
152.8	45
152.9	40
153	37
153.1	48
153.2	42
153.3	37
153.4	73
153.5	78
153.6	67
153.7	81
153.8	71
153.9	63
154	81
154.1	70
154.2	72
154.3	80
154.4	51
154.5	69
154.6	44
154.7	36
154.8	71
154.9	80
155	38
155.1	38
155.2	73
155.3	73
155.4	83
155.5	80
155.6	80
155.7	37
155.8	40
155.9	74
156	80
156.1	81
156.2	81
156.3	81
156.4	81
156.5	80
156.6	81
156.7	80
156.8	81
156.9	80
157	81
157.1	80
157.2	81
157.3	80
157.4	81
157.5	80
157.6	81
157.7	80
157.8	81
157.9	80
158	80
158.1	80
158.2	80
158.3	80
158.4	80
158.5	80
158.6	80
158.7	80
158.8	80
158.9	80
159	80
159.1	80
159.2	80
159.3	80
159.4	80
159.5	80
159.6	80
159.7	80
159.8	80
159.9	80
160	80
160.1	80
160.2	80
160.3	80
160.4	79
160.5	80
160.6	79
160.7	80
160.8	79
160.9	80
161	79
161.1	78
161.2	81
161.3	79
161.4	82
161.5	80
161.6	80
161.7	80
161.8	80
161.9	79
162	81
162.1	80
162.2	79
162.3	81
162.4	80
162.5	79
162.6	81
162.7	80
162.8	79
162.9	81
163	80
163.1	79
163.2	81
163.3	80
163.4	79
163.5	81
163.6	80
163.7	79
163.8	82
163.9	80
164	79
164.1	82
164.2	80
164.3	79
164.4	82
164.5	80
164.6	79
164.7	82
164.8	80
164.9	79
165	82
165.1	80
165.2	79
165.3	82
165.4	80
165.5	79
165.6	82
165.7	80
165.8	79
165.9	83
166	80
166.1	79
166.2	82
166.3	80
166.4	79
166.5	83
166.6	80
166.7	79
166.8	83
166.9	80
167	79
167.1	83
167.2	80
167.3	79
167.4	83
167.5	80
167.6	79
167.7	83
167.8	80
167.9	79
168	83
168.1	80
168.2	79
168.3	83
168.4	80
168.5	79
168.6	84
168.7	80
168.8	79
168.9	83
169	80
169.1	79
169.2	83
169.3	80
169.4	79
169.5	83
169.6	80
169.7	79
169.8	83
169.9	80
170	79
170.1	83
170.2	80
170.3	79
170.4	83
170.5	79
170.6	79
170.7	83
170.8	80
170.9	79
171	83
171.1	79
171.2	79
171.3	83
171.4	80
171.5	79
171.6	84
171.7	80
171.8	79
171.9	83
172	79
172.1	79
172.2	83
172.3	80
172.4	79
172.5	84
172.6	79
172.7	79
172.8	83
172.9	79
173	79
173.1	84
173.2	80
173.3	79
173.4	83
173.5	79
173.6	79
173.7	83
173.8	80
173.9	79
174	84
174.1	79
174.2	79
174.3	83
174.4	79
174.5	79
174.6	84
174.7	79
174.8	79
174.9	84
175	80
175.1	79
175.2	83
175.3	79
175.4	79
175.5	80
175.6	80
175.7	79
175.8	84
175.9	79
176	79
176.1	83
176.2	80
176.3	84
176.4	80
176.5	80
176.6	82
176.7	84
176.8	80
176.9	81
177	82
177.1	83
177.2	80
177.3	82
177.4	82
177.5	83
177.6	80
177.7	83
177.8	81
177.9	83
178	80
178.1	83
178.2	82
178.3	83
178.4	80
178.5	83
178.6	82
178.7	84
178.8	80
178.9	83
179	81
179.1	83
179.2	80
179.3	80
179.4	81
179.5	79
179.6	84
179.7	79
179.8	82
179.9	80
180	83
180.1	81
180.2	84
180.3	80
180.4	83
180.5	80
180.6	84
180.7	80
180.8	83
180.9	80
181	84
181.1	80
181.2	83
181.3	80
181.4	84
181.5	80
181.6	83
181.7	80
181.8	84
181.9	80
182	83
182.1	80
182.2	84
182.3	80
182.4	83
182.5	80
182.6	84
182.7	80
182.8	83
182.9	80
183	84
183.1	80
183.2	83
183.3	80
183.4	84
183.5	80
183.6	83
183.7	80
183.8	84
183.9	80
184	83
184.1	80
184.2	84
184.3	80
184.4	83
184.5	80
184.6	84
184.7	80
184.8	83
184.9	80
185	84
185.1	80
185.2	83
185.3	80
185.4	84
185.5	80
185.6	83
185.7	80
185.8	84
185.9	80
186	83
186.1	80
186.2	84
186.3	80
186.4	83
186.5	80
186.6	84
186.7	80
186.8	83
186.9	80
187	84
187.1	80
187.2	83
187.3	80
187.4	84
187.5	80
187.6	83
187.7	80
187.8	84
187.9	80
188	83
188.1	80
188.2	84
188.3	80
188.4	83
188.5	80
188.6	84
188.7	80
188.8	83
188.9	80
189	84
189.1	80
189.2	83
189.3	80
189.4	84
189.5	80
189.6	83
189.7	80
189.8	84
189.9	80
190	83
190.1	80
190.2	84
190.3	80
190.4	83
190.5	80
190.6	84
190.7	79
190.8	83
190.9	80
191	84
191.1	80
191.2	83
191.3	80
191.4	84
191.5	79
191.6	83
191.7	80
191.8	84
191.9	79
192	83
192.1	80
192.2	84
192.3	79
192.4	83
192.5	80
192.6	84
192.7	79
192.8	83
192.9	80
193	84
193.1	79
193.2	83
193.3	80
193.4	84
193.5	79
193.6	83
193.7	80
193.8	84
193.9	79
194	83
194.1	80
194.2	84
194.3	79
194.4	83
194.5	80
194.6	84
194.7	79
194.8	83
194.9	80
195	84
195.1	79
195.2	83
195.3	80
195.4	83
195.5	79
195.6	83
195.7	80
195.8	83
195.9	79
196	83
196.1	80
196.2	83
196.3	79
196.4	83
196.5	80
196.6	83
196.7	79
196.8	83
196.9	80
197	83
197.1	79
197.2	83
197.3	80
197.4	83
197.5	79
197.6	83
197.7	80
197.8	83
197.9	79
198	83
198.1	80
198.2	83
198.3	79
198.4	83
198.5	80
198.6	83
198.7	79
198.8	83
198.9	79
199	83
199.1	79
199.2	83
199.3	79
199.4	82
199.5	79
199.6	82
199.7	79
199.8	83
199.9	79
200	82
200.1	79
200.2	83
200.3	79
200.4	82
200.5	81
200.6	80
200.7	82
200.8	81
200.9	81
201	82
201.1	81
201.2	82
201.3	81
201.4	81
201.5	82
201.6	81
201.7	81
201.8	82
201.9	81
202	81
202.1	82
202.2	81
202.3	81
202.4	82
202.5	81
202.6	81
202.7	82
202.8	81
202.9	81
203	82
203.1	81
203.2	81
203.3	82
203.4	81
203.5	81
203.6	82
203.7	81
203.8	81
203.9	82
204	81
204.1	81
204.2	82
204.3	81
204.4	81
204.5	82
204.6	81
204.7	81
204.8	82
204.9	81
205	81
205.1	82
205.2	81
205.3	81
205.4	81
205.5	82
205.6	81
205.7	81
205.8	81
205.9	82
206	81
206.1	81
206.2	81
206.3	82
206.4	81
206.5	81
206.6	81
206.7	81
206.8	81
206.9	81
207	81
207.1	81
207.2	81
207.3	81
207.4	81
207.5	81
207.6	81
207.7	81
207.8	81
207.9	81
208	81
208.1	81
208.2	81
208.3	81
208.4	81
208.5	81
208.6	81
208.7	81
208.8	81
208.9	81
209	81
209.1	81
209.2	81
209.3	81
209.4	81
209.5	81
209.6	81
209.7	81
209.8	81
209.9	81
210	81
210.1	81
210.2	81
210.3	81
210.4	81
210.5	81
210.6	81
210.7	81
210.8	81
210.9	81
211	81
211.1	81
211.2	81
211.3	81
211.4	81
211.5	81
211.6	81
211.7	81
211.8	81
211.9	81
212	81
212.1	81
212.2	81
212.3	81
212.4	81
212.5	81
212.6	81
212.7	81
212.8	81
212.9	81
213	81
213.1	81
213.2	81
213.3	81
213.4	81
213.5	81
213.6	81
213.7	81
213.8	81
213.9	81
214	81
214.1	81
214.2	81
214.3	81
214.4	81
214.5	81
214.6	81
214.7	81
214.8	81
214.9	81
215	81
215.1	81
215.2	81
215.3	81
215.4	81
215.5	81
215.6	81
215.7	81
215.8	81
215.9	81
216	81
216.1	81
216.2	81
216.3	81
216.4	81
216.5	81
216.6	81
216.7	81
216.8	81
216.9	81
217	81
217.1	81
217.2	81
217.3	81
217.4	81
217.5	81
217.6	81
217.7	81
217.8	81
217.9	81
218	81
218.1	81
218.2	81
218.3	81
218.4	81
218.5	81
218.6	81
218.7	81
218.8	81
218.9	81
219	81
219.1	81
219.2	81
219.3	81
219.4	81
219.5	81
219.6	81
219.7	81
219.8	81
219.9	81
220	81
220.1	81
220.2	81
220.3	81
220.4	81
220.5	81
220.6	81
220.7	81
220.8	81
220.9	81
221	81
221.1	81
221.2	81
221.3	81
221.4	81
221.5	81
221.6	81
221.7	81
221.8	81
221.9	81
222	81
222.1	81
222.2	81
222.3	81
222.4	81
222.5	81
222.6	81
222.7	81
222.8	81
222.9	81
223	81
223.1	81
223.2	81
223.3	81
223.4	81
223.5	81
223.6	81
223.7	81
223.8	81
223.9	81
224	81
224.1	81
224.2	81
224.3	81
224.4	81
224.5	81
224.6	81
224.7	81
224.8	81
224.9	81
225	81
225.1	81
225.2	81
225.3	81
225.4	81
225.5	81
225.6	81
225.7	81
225.8	81
225.9	81
226	81
226.1	81
226.2	81
226.3	81
226.4	81
226.5	81
226.6	81
226.7	81
226.8	81
226.9	81
227	81
227.1	81
227.2	81
227.3	81
227.4	81
227.5	81
227.6	81
227.7	81
227.8	81
227.9	81
228	81
228.1	81
228.2	81
228.3	81
228.4	81
228.5	81
228.6	81
228.7	81
228.8	81
228.9	81
229	81
229.1	81
229.2	81
229.3	81
229.4	81
229.5	81
229.6	81
229.7	81
229.8	81
229.9	81
230	81
230.1	81
230.2	81
230.3	81
230.4	81
230.5	81
230.6	81
230.7	81
230.8	81
230.9	81
231	81
231.1	81
231.2	81
231.3	81
231.4	81
231.5	81
231.6	81
231.7	81
231.8	81
231.9	81
232	81
232.1	81
232.2	81
232.3	81
232.4	81
232.5	81
232.6	81
232.7	81
232.8	81
232.9	81
233	81
233.1	81
233.2	81
233.3	81
233.4	81
233.5	81
233.6	81
233.7	81
233.8	81
233.9	81
234	81
234.1	81
234.2	81
234.3	81
234.4	81
234.5	81
234.6	81
234.7	81
234.8	81
234.9	81
235	81
235.1	81
235.2	81
235.3	81
235.4	81
235.5	81
235.6	81
235.7	81
235.8	81
235.9	81
236	81
236.1	81
236.2	81
236.3	81
236.4	81
236.5	81
236.6	81
236.7	81
236.8	81
236.9	81
237	81
237.1	81
237.2	81
237.3	81
237.4	81
237.5	81
237.6	81
237.7	81
237.8	81
237.9	81
238	81
238.1	81
238.2	81
238.3	81
238.4	81
238.5	81
238.6	81
238.7	81
238.8	81
238.9	81
239	81
239.1	81
239.2	81
239.3	81
239.4	81
239.5	81
239.6	81
239.7	81
239.8	81
239.9	81
240	81
240.1	81
240.2	81
240.3	81
240.4	81
240.5	81
240.6	81
240.7	81
240.8	81
240.9	81
241	81
241.1	81
241.2	81
241.3	81
241.4	81
241.5	81
241.6	81
241.7	81
241.8	81
241.9	81
242	81
242.1	81
242.2	81
242.3	81
242.4	81
242.5	81
242.6	81
242.7	81
242.8	81
242.9	81
243	81
243.1	81
243.2	81
243.3	81
243.4	81
243.5	81
243.6	81
243.7	81
243.8	81
243.9	81
244	81
244.1	81
244.2	81
244.3	81
244.4	81
244.5	81
244.6	81
244.7	81
244.8	81
244.9	81
245	81
245.1	81
245.2	81
245.3	81
245.4	81
245.5	81
245.6	81
245.7	81
245.8	81
245.9	81
246	81
246.1	81
246.2	81
246.3	81
246.4	81
246.5	81
246.6	81
246.7	81
246.8	81
246.9	81
247	81
247.1	81
247.2	80
247.3	81
247.4	81
247.5	81
247.6	81
247.7	81
247.8	81
247.9	80
248	81
248.1	81
248.2	81
248.3	80
248.4	81
248.5	81
248.6	80
248.7	81
248.8	81
248.9	80
249	81
249.1	80
249.2	81
249.3	81
249.4	81
249.5	80
249.6	81
249.7	81
249.8	80
249.9	81
250	81
250.1	81
250.2	81
250.3	80
250.4	81
250.5	80
250.6	81
250.7	81
250.8	80
250.9	81
251	80
251.1	81
251.2	81
251.3	80
251.4	81
251.5	80
251.6	80
251.7	81
251.8	80
251.9	81
252	80
252.1	80
252.2	81
252.3	80
252.4	80
252.5	81
252.6	80
252.7	80
252.8	80
252.9	81
253	80
253.1	81
253.2	80
253.3	80
253.4	81
253.5	80
253.6	80
253.7	81
253.8	80
253.9	81
254	80
254.1	80
254.2	80
254.3	81
254.4	80
254.5	81
254.6	80
254.7	81
254.8	80
254.9	81
255	80
255.1	81
255.2	80
255.3	80
255.4	80
255.5	81
255.6	80
255.7	80
255.8	80
255.9	81
256	80
256.1	80
256.2	80
256.3	81
256.4	80
256.5	80
256.6	80
256.7	80
256.8	80
256.9	81
257	80
257.1	80
257.2	80
257.3	81
257.4	80
257.5	80
257.6	80
257.7	80
257.8	80
257.9	80
258	81
258.1	80
258.2	80
258.3	81
258.4	80
258.5	80
258.6	80
258.7	80
258.8	80
258.9	80
259	80
259.1	81
259.2	80
259.3	80
259.4	80
259.5	80
259.6	80
259.7	81
259.8	80
259.9	80
260	80
260.1	80
260.2	80
260.3	80
260.4	80
260.5	80
260.6	80
260.7	80
260.8	80
260.9	80
261	80
261.1	80
261.2	80
261.3	80
261.4	80
261.5	80
261.6	80
261.7	80
261.8	80
261.9	80
262	80
262.1	80
262.2	80
262.3	80
262.4	80
262.5	80
262.6	80
262.7	80
262.8	80
262.9	80
263	80
263.1	80
263.2	80
263.3	80
263.4	80
263.5	80
263.6	80
263.7	80
263.8	80
263.9	80
264	80
264.1	80
264.2	80
264.3	80
264.4	80
264.5	80
264.6	80
264.7	80
264.8	80
264.9	80
265	80
265.1	80
265.2	80
265.3	80
265.4	80
265.5	80
265.6	80
265.7	80
265.8	80
265.9	80
266	80
266.1	80
266.2	80
266.3	80
266.4	80
266.5	80
266.6	80
266.7	80
266.8	80
266.9	80
267	80
267.1	80
267.2	80
267.3	80
267.4	80
267.5	80
267.6	80
267.7	80
267.8	80
267.9	80
268	80
268.1	80
268.2	80
268.3	80
268.4	80
268.5	80
268.6	80
268.7	80
268.8	80
268.9	80
269	80
269.1	80
269.2	80
269.3	80
269.4	80
269.5	80
269.6	80
269.7	80
269.8	80
269.9	80
270	80
270.1	80
270.2	80
270.3	80
270.4	80
270.5	80
270.6	80
270.7	80
270.8	80
270.9	80
271	80
271.1	80
271.2	80
271.3	80
271.4	80
271.5	79
271.6	80
271.7	80
271.8	79
271.9	80
272	80
272.1	79
272.2	80
272.3	80
272.4	80
272.5	80
272.6	80
272.7	80
272.8	80
272.9	80
273	80
273.1	79
273.2	80
273.3	79
273.4	80
273.5	79
273.6	80
273.7	79
273.8	80
273.9	79
274	80
274.1	79
274.2	80
274.3	79
274.4	80
274.5	79
274.6	80
274.7	79
274.8	80
274.9	79
275	80
275.1	79
275.2	80
275.3	79
275.4	80
275.5	79
275.6	80
275.7	79
275.8	80
275.9	79
276	80
276.1	79
276.2	80
276.3	79
276.4	80
276.5	79
276.6	80
276.7	79
276.8	80
276.9	79
277	80
277.1	79
277.2	80
277.3	79
277.4	80
277.5	79
277.6	80
277.7	79
277.8	80
277.9	79
278	80
278.1	79
278.2	80
278.3	79
278.4	80
278.5	79
278.6	80
278.7	79
278.8	80
278.9	79
279	80
279.1	79
279.2	80
279.3	79
279.4	80
279.5	79
279.6	80
279.7	79
279.8	80
279.9	79
280	80
280.1	79
280.2	80
280.3	79
280.4	80
280.5	79
280.6	80
280.7	79
280.8	80
280.9	79
281	80
281.1	79
281.2	80
281.3	79
281.4	80
281.5	79
281.6	80
281.7	79
281.8	80
281.9	79
282	80
282.1	79
282.2	79
282.3	79
282.4	80
282.5	79
282.6	79
282.7	80
282.8	79
282.9	80
283	79
283.1	80
283.2	79
283.3	80
283.4	79
283.5	80
283.6	79
283.7	80
283.8	79
283.9	80
284	79
284.1	80
284.2	79
284.3	80
284.4	79
284.5	80
284.6	79
284.7	80
284.8	79
284.9	80
285	79
285.1	80
285.2	79
285.3	79
285.4	80
285.5	79
285.6	79
285.7	79
285.8	79
285.9	79
286	79
286.1	79
286.2	80
286.3	79
286.4	79
286.5	79
286.6	79
286.7	79
286.8	79
286.9	79
287	79
287.1	79
287.2	79
287.3	79
287.4	79
287.5	79
287.6	79
287.7	79
287.8	79
287.9	79
288	79
288.1	79
288.2	79
288.3	79
288.4	79
288.5	79
288.6	79
288.7	79
288.8	79
288.9	79
289	79
289.1	79
289.2	79
289.3	79
289.4	79
289.5	79
289.6	79
289.7	79
289.8	79
289.9	79
290	79
290.1	79
290.2	79
290.3	79
290.4	79
290.5	79
290.6	79
290.7	79
290.8	79
290.9	79
291	79
291.1	79
291.2	79
291.3	79
291.4	79
291.5	79
291.6	79
291.7	79
291.8	79
291.9	79
292	79
292.1	79
292.2	79
292.3	79
292.4	79
292.5	79
292.6	79
292.7	79
292.8	79
292.9	79
293	79
293.1	79
293.2	79
293.3	79
293.4	79
293.5	79
293.6	79
293.7	79
293.8	79
293.9	79
294	79
294.1	79
294.2	79
294.3	79
294.4	79
294.5	79
294.6	79
294.7	79
294.8	79
294.9	79
295	79
295.1	79
295.2	79
295.3	79
295.4	79
295.5	79
295.6	79
295.7	79
295.8	79
295.9	79
296	79
296.1	79
296.2	79
296.3	79
296.4	79
296.5	79
296.6	79
296.7	79
296.8	79
296.9	79
297	79
297.1	79
297.2	79
297.3	79
297.4	79
297.5	78
297.6	79
297.7	79
297.8	79
297.9	78
298	79
298.1	79
298.2	79
298.3	78
298.4	79
298.5	79
298.6	79
298.7	79
298.8	77
298.9	79
299	78
299.1	79
299.2	78
299.3	78
299.4	79
299.5	78
299.6	79
299.7	77
299.8	79
299.9	77
300	76
300.1	79
300.2	77
300.3	79
300.4	77
300.5	79
300.6	77
300.7	76
300.8	79
300.9	77
301	79
301.1	77
301.2	77
301.3	79
301.4	77
301.5	79
301.6	77
301.7	77
301.8	79
301.9	77
302	79
302.1	77
302.2	79
302.3	77
302.4	76
302.5	79
302.6	77
302.7	78
302.8	78
302.9	77
303	79
303.1	77
303.2	79
303.3	77
303.4	78
303.5	77
303.6	77
303.7	79
303.8	77
303.9	77
304	78
304.1	77
304.2	77
304.3	78
304.4	77
304.5	79
304.6	77
304.7	77
304.8	79
304.9	77
305	77
305.1	79
305.2	77
305.3	77
305.4	78
305.5	77
305.6	77
305.7	78
305.8	77
305.9	77
306	77
306.1	77
306.2	79
306.3	77
306.4	77
306.5	78
306.6	77
306.7	77
306.8	77
306.9	77
307	77
307.1	79
307.2	77
307.3	77
307.4	78
307.5	77
307.6	77
307.7	77
307.8	76
307.9	76
308	77
308.1	77
308.2	77
308.3	77
308.4	76
308.5	77
308.6	76
308.7	76
308.8	77
308.9	77
309	76
309.1	76
309.2	77
309.3	77
309.4	77
309.5	77
309.6	77
309.7	77
309.8	77
309.9	76
310	76
310.1	76
310.2	76
310.3	76
310.4	76
310.5	76
310.6	76
310.7	76
310.8	76
310.9	76
311	76
311.1	76
311.2	76
311.3	76
311.4	76
311.5	76
311.6	75
311.7	76
311.8	77
311.9	77
312	76
312.1	76
312.2	76
312.3	76
312.4	76
312.5	75
312.6	76
312.7	77
312.8	76
312.9	76
313	76
313.1	76
313.2	75
313.3	75
313.4	75
313.5	75
313.6	75
313.7	75
313.8	75
313.9	75
314	75
314.1	75
314.2	75
314.3	75
314.4	75
314.5	75
314.6	75
314.7	75
314.8	75
314.9	75
315	75
315.1	75
315.2	75
315.3	75
315.4	75
315.5	75
315.6	75
315.7	75
315.8	75
315.9	75
316	75
316.1	75
316.2	75
316.3	75
316.4	75
316.5	75
316.6	75
316.7	75
316.8	75
316.9	75
317	76
317.1	75
317.2	75
317.3	76
317.4	75
317.5	75
317.6	75
317.7	76
317.8	76
317.9	75
318	75
318.1	75
318.2	76
318.3	76
318.4	75
318.5	75
318.6	76
318.7	76
318.8	75
318.9	75
319	76
319.1	76
319.2	75
319.3	76
319.4	76
319.5	75
319.6	76
319.7	76
319.8	75
319.9	75
320	76
320.1	76
320.2	75
320.3	75
320.4	75
320.5	75
320.6	75
320.7	76
320.8	75
320.9	75
321	75
321.1	76
321.2	76
321.3	75
321.4	76
321.5	76
321.6	75
321.7	75
321.8	76
321.9	76
322	75
322.1	76
322.2	76
322.3	75
322.4	75
322.5	75
322.6	75
322.7	75
322.8	75
322.9	75
323	75
323.1	75
323.2	75
323.3	75
323.4	75
323.5	75
323.6	76
323.7	75
323.8	75
323.9	76
324	75
324.1	75
324.2	76
324.3	75
324.4	75
324.5	76
324.6	75
324.7	75
324.8	76
324.9	75
325	75
325.1	76
325.2	75
325.3	75
325.4	76
325.5	75
325.6	75
325.7	76
325.8	76
325.9	75
326	75
326.1	76
326.2	75
326.3	75
326.4	76
326.5	76
326.6	75
326.7	75
326.8	76
326.9	76
327	75
327.1	75
327.2	76
327.3	76
327.4	76
327.5	75
327.6	76
327.7	76
327.8	75
327.9	75
328	76
328.1	75
328.2	75
328.3	76
328.4	76
328.5	75
328.6	75
328.7	75
328.8	75
328.9	75
329	75
329.1	75
329.2	75
329.3	75
329.4	75
329.5	75
329.6	75
329.7	75
329.8	75
329.9	75
330	75
330.1	75
330.2	75
330.3	75
330.4	75
330.5	75
330.6	75
330.7	75
330.8	75
330.9	75
331	75
331.1	75
331.2	75
331.3	75
331.4	75
331.5	75
331.6	75
331.7	75
331.8	75
331.9	75
332	75
332.1	75
332.2	75
332.3	75
332.4	75
332.5	75
332.6	75
332.7	75
332.8	75
332.9	75
333	75
333.1	75
333.2	75
333.3	75
333.4	75
333.5	76
333.6	75
333.7	75
333.8	76
333.9	76
334	76
334.1	75
334.2	75
334.3	76
334.4	76
334.5	75
334.6	75
334.7	76
334.8	75
334.9	75
335	75
335.1	75
335.2	75
335.3	75
335.4	74
335.5	76
335.6	75
335.7	74
335.8	76
335.9	75
336	74
336.1	76
336.2	75
336.3	75
336.4	75
336.5	74
336.6	75
336.7	75
336.8	75
336.9	74
337	75
337.1	75
337.2	75
337.3	75
337.4	75
337.5	75
337.6	75
337.7	75
337.8	75
337.9	75
338	75
338.1	75
338.2	75
338.3	75
338.4	75
338.5	75
338.6	75
338.7	75
338.8	75
338.9	75
339	75
339.1	75
339.2	75
339.3	75
339.4	75
339.5	75
339.6	75
339.7	75
339.8	75
339.9	75
340	75
340.1	75
340.2	75
340.3	75
340.4	75
340.5	75
340.6	75
340.7	75
340.8	75
340.9	75
341	75
341.1	75
341.2	75
341.3	75
341.4	75
341.5	75
341.6	75
341.7	75
341.8	75
341.9	75
342	75
342.1	75
342.2	75
342.3	75
342.4	75
342.5	75
342.6	75
342.7	75
342.8	75
342.9	75
343	75
343.1	75
343.2	75
343.3	75
343.4	75
343.5	75
343.6	75
343.7	75
343.8	75
343.9	75
344	75
344.1	75
344.2	75
344.3	75
344.4	75
344.5	75
344.6	75
344.7	75
344.8	75
344.9	75
345	75
345.1	75
345.2	75
345.3	75
345.4	75
345.5	75
345.6	75
345.7	75
345.8	75
345.9	75
346	75
346.1	75
346.2	75
346.3	75
346.4	75
346.5	75
346.6	75
346.7	75
346.8	75
346.9	75
347	75
347.1	75
347.2	75
347.3	75
347.4	75
347.5	75
347.6	75
347.7	75
347.8	75
347.9	75
348	75
348.1	75
348.2	75
348.3	75
348.4	75
348.5	75
348.6	75
348.7	75
348.8	75
348.9	75
349	75
349.1	75
349.2	75
349.3	75
349.4	75
349.5	75
349.6	75
349.7	75
349.8	75
349.9	75
350	75
350.1	75
350.2	75
350.3	75
350.4	75
350.5	75
350.6	75
350.7	75
350.8	75
350.9	75
351	75
351.1	75
351.2	75
351.3	75
351.4	75
351.5	75
351.6	75
351.7	75
351.8	75
351.9	75
352	75
352.1	75
352.2	75
352.3	75
352.4	75
352.5	75
352.6	75
352.7	75
352.8	75
352.9	75
353	75
353.1	75
353.2	75
353.3	75
353.4	75
353.5	75
353.6	75
353.7	75
353.8	75
353.9	75
354	75
354.1	75
354.2	75
354.3	75
354.4	75
354.5	75
354.6	75
354.7	75
354.8	75
354.9	75
355	75
355.1	75
355.2	75
355.3	75
355.4	75
355.5	75
355.6	75
355.7	75
355.8	75
355.9	75
356	75
356.1	75
356.2	75
356.3	75
356.4	75
356.5	75
356.6	75
356.7	75
356.8	75
356.9	75
357	75
357.1	75
357.2	75
357.3	75
357.4	75
357.5	75
357.6	75
357.7	75
357.8	75
357.9	75
358	75
358.1	75
358.2	75
358.3	75
358.4	75
358.5	75
358.6	75
358.7	75
358.8	75
358.9	75
359	75
359.1	75
359.2	75
359.3	75
359.4	75
359.5	75
359.6	75
359.7	75
359.8	75
359.9	75
360	75
360.1	75
360.2	75
360.3	75
360.4	75
360.5	75
360.6	75
360.7	75
360.8	75
360.9	75
361	75
361.1	75
361.2	75
361.3	75
361.4	75
361.5	75
361.6	75
361.7	75
361.8	75
361.9	75
362	75
362.1	75
362.2	75
362.3	75
362.4	75
362.5	75
362.6	75
362.7	75
362.8	75
362.9	75
363	75
363.1	75
363.2	75
363.3	75
363.4	75
363.5	75
363.6	75
363.7	75
363.8	75
363.9	75
364	75
364.1	75
364.2	75
364.3	75
364.4	75
364.5	75
364.6	75
364.7	75
364.8	75
364.9	75
365	75
365.1	75
365.2	75
365.3	75
365.4	75
365.5	75
365.6	75
365.7	75
365.8	75
365.9	75
366	75
366.1	75
366.2	75
366.3	75
366.4	75
366.5	75
366.6	75
366.7	75
366.8	75
366.9	75
367	75
367.1	75
367.2	75
367.3	75
367.4	75
367.5	75
367.6	75
367.7	75
367.8	75
367.9	75
368	75
368.1	75
368.2	75
368.3	75
368.4	75
368.5	75
368.6	75
368.7	75
368.8	75
368.9	75
369	75
369.1	75
369.2	75
369.3	75
369.4	75
369.5	75
369.6	75
369.7	75
369.8	75
369.9	75
370	75
370.1	75
370.2	75
370.3	75
370.4	75
370.5	75
370.6	75
370.7	75
370.8	75
370.9	75
371	75
371.1	75
371.2	75
371.3	75
371.4	75
371.5	75
371.6	75
371.7	75
371.8	75
371.9	75
372	75
372.1	75
372.2	75
372.3	75
372.4	75
372.5	75
372.6	75
372.7	75
372.8	75
372.9	75
373	74
373.1	74
373.2	74
373.3	74
373.4	74
373.5	74
373.6	74
373.7	74
373.8	74
373.9	74
374	74
374.1	74
374.2	74
374.3	74
374.4	74
374.5	74
374.6	74
374.7	74
374.8	74
374.9	74
375	74
375.1	74
375.2	74
375.3	74
375.4	74
375.5	74
375.6	74
375.7	74
375.8	74
375.9	74
376	74
376.1	74
376.2	74
376.3	74
376.4	74
376.5	74
376.6	74
376.7	74
376.8	74
376.9	74
377	74
377.1	74
377.2	74
377.3	74
377.4	74
377.5	74
377.6	74
377.7	74
377.8	74
377.9	74
378	74
378.1	74
378.2	74
378.3	74
378.4	74
378.5	74
378.6	74
378.7	74
378.8	74
378.9	74
379	74
379.1	74
379.2	74
379.3	74
379.4	74
379.5	74
379.6	74
379.7	74
379.8	74
379.9	74
380	74
380.1	74
380.2	74
380.3	74
380.4	74
380.5	74
380.6	74
380.7	74
380.8	74
380.9	74
381	74
381.1	74
381.2	74
381.3	74
381.4	74
381.5	74
381.6	74
381.7	74
381.8	74
381.9	74
382	74
382.1	74
382.2	74
382.3	74
382.4	74
382.5	74
382.6	74
382.7	74
382.8	74
382.9	74
383	74
383.1	74
383.2	74
383.3	74
383.4	74
383.5	74
383.6	74
383.7	74
383.8	74
383.9	74
384	74
384.1	74
384.2	74
384.3	74
384.4	74
384.5	74
384.6	74
384.7	74
384.8	74
384.9	74
385	74
385.1	74
385.2	74
385.3	74
385.4	74
385.5	74
385.6	74
385.7	74
385.8	74
385.9	74
386	74
386.1	74
386.2	74
386.3	74
386.4	74
386.5	74
386.6	74
386.7	74
386.8	74
386.9	74
387	74
387.1	74
387.2	74
387.3	74
387.4	74
387.5	74
387.6	74
387.7	74
387.8	74
387.9	74
388	74
388.1	74
388.2	74
388.3	74
388.4	74
388.5	74
388.6	74
388.7	74
388.8	74
388.9	74
389	74
389.1	74
389.2	75
389.3	74
389.4	74
389.5	74
389.6	74
389.7	75
389.8	74
389.9	74
390	75
390.1	74
390.2	74
390.3	61
390.4	56
390.5	55
390.6	63
390.7	74
390.8	60
390.9	58
391	67
391.1	53
391.2	66
391.3	53
391.4	68
391.5	52
391.6	61
391.7	59
391.8	55
391.9	67
392	53
392.1	66
392.2	59
392.3	52
392.4	52
392.5	52
392.6	52
392.7	61
392.8	61
392.9	55
393	67
393.1	52
393.2	70
393.3	53
393.4	63
393.5	59
393.6	53
393.7	68
393.8	66
393.9	61
394	61
394.1	59
394.2	53
394.3	56
394.4	53
394.5	72
394.6	53
394.7	63
394.8	59
394.9	52
395	52
395.1	53
395.2	52
395.3	61
395.4	60
395.5	52
395.6	52
395.7	52
395.8	56
395.9	66
396	59
396.1	53
396.2	69
396.3	52
396.4	53
396.5	66
396.6	59
396.7	63
396.8	61
396.9	53
397	66
397.1	61
397.2	66
397.3	61
397.4	66
397.5	60
397.6	53
397.7	52
397.8	52
397.9	60
398	53
398.1	52
398.2	52
398.3	52
398.4	52
398.5	52
398.6	67
398.7	55
398.8	67
398.9	56
399	73
399.1	53
399.2	62
399.3	58
399.4	55
399.5	67
399.6	53
399.7	70
399.8	53
399.9	67
400	59
400.1	66
400.2	61
400.3	61
400.4	55
400.5	66
400.6	53
400.7	68
400.8	61
400.9	68
401	53
401.1	66
401.2	68
401.3	52
401.4	61
401.5	59
401.6	53
401.7	53
401.8	63
401.9	61
402	60
402.1	53
402.2	56
402.3	52
402.4	52
402.5	66
402.6	66
402.7	61
402.8	61
402.9	59
403	53
403.1	66
403.2	61
403.3	61
403.4	59
403.5	53
403.6	61
403.7	59
403.8	53
403.9	70
404	55
404.1	66
404.2	59
404.3	53
404.4	68
404.5	56
404.6	67
404.7	53
404.8	61
404.9	61
405	59
405.1	53
405.2	53
405.3	68
405.4	60
405.5	59
405.6	53
405.7	56
405.8	53
405.9	72
406	53
406.1	61
406.2	52
406.3	53
406.4	68
406.5	59
406.6	53
406.7	52
406.8	59
406.9	53
407	66
407.1	61
407.2	61
407.3	58
407.4	53
407.5	52
407.6	61
407.7	61
407.8	59
407.9	55
408	68
408.1	56
408.2	63
408.3	59
408.4	52
408.5	52
408.6	66
408.7	59
408.8	58
408.9	53
409	61
409.1	59
409.2	55
409.3	68
409.4	56
409.5	68
409.6	59
409.7	53
409.8	69
409.9	52
410	66
410.1	66
410.2	53
410.3	61
410.4	61
410.5	55
410.6	67
410.7	53
410.8	70
410.9	53
411	68
411.1	59
411.2	53
411.3	53
411.4	61
411.5	55
411.6	67
411.7	53
411.8	70
411.9	55
412	68
412.1	59
412.2	52
412.3	52
412.4	52
412.5	52
412.6	52
412.7	52
412.8	63
412.9	61
413	55
413.1	67
413.2	53
413.3	61
413.4	61
413.5	60
413.6	53
413.7	63
413.8	61
413.9	55
414	67
414.1	53
414.2	68
414.3	59
414.4	59
414.5	53
414.6	52
414.7	66
414.8	60
414.9	53
415	52
415.1	53
415.2	72
415.3	53
415.4	63
415.5	59
415.6	56
415.7	68
415.8	53
415.9	66
416	59
416.1	53
416.2	53
416.3	53
416.4	53
416.5	66
416.6	60
416.7	61
416.8	61
416.9	55
417	68
417.1	52
417.2	59
417.3	56
417.4	52
417.5	58
417.6	52
417.7	53
417.8	61
417.9	61
418	59
418.1	66
418.2	59
418.3	61
418.4	61
418.5	58
418.6	66
418.7	55
418.8	67
418.9	56
419	68
419.1	59
419.2	61
419.3	61
419.4	59
419.5	53
419.6	66
419.7	61
419.8	61
419.9	53
420	67
420.1	56
420.2	68
420.3	55
420.4	74
420.5	55
420.6	66
420.7	59
420.8	53
420.9	61
421	61
421.1	59
421.2	53
421.3	68
421.4	59
421.5	63
421.6	61
421.7	55
421.8	68
421.9	53
422	68
422.1	59
422.2	61
422.3	59
422.4	53
422.5	66
422.6	59
422.7	53
422.8	66
422.9	59
423	56
423.1	55
423.2	73
423.3	53
423.4	63
423.5	59
423.6	52
423.7	53
423.8	61
423.9	59
424	53
424.1	53
424.2	66
424.3	61
424.4	61
424.5	55
424.6	68
424.7	53
424.8	59
424.9	53
425	52
425.1	59
425.2	53
425.3	52
425.4	58
425.5	66
425.6	59
425.7	56
425.8	52
425.9	59
426	55
426.1	68
426.2	56
426.3	68
426.4	59
426.5	53
426.6	53
426.7	55
426.8	63
426.9	59
427	52
427.1	52
427.2	63
427.3	61
427.4	55
427.5	67
427.6	53
427.7	70
427.8	61
427.9	68
428	53
428.1	68
428.2	67
428.3	61
428.4	59
428.5	53
428.6	56
428.7	68
428.8	53
428.9	63
429	60
429.1	55
429.2	68
429.3	53
429.4	68
429.5	53
429.6	68
429.7	53
429.8	68
429.9	53
430	68
430.1	59
430.2	61
430.3	59
430.4	53
430.5	68
430.6	60
430.7	61
430.8	61
430.9	55
431	68
431.1	56
431.2	68
431.3	66
431.4	63
431.5	61
431.6	61
431.7	66
431.8	60
431.9	53
432	61
432.1	61
432.2	59
432.3	53
432.4	53
432.5	63
432.6	61
432.7	59
432.8	53
432.9	52
433	61
433.1	59
433.2	53
433.3	68
433.4	60
433.5	63
433.6	61
433.7	55
433.8	68
433.9	56
434	68
434.1	61
434.2	68
434.3	56
434.4	68
434.5	59
434.6	66
434.7	61
434.8	53
434.9	68
435	61
435.1	68
435.2	61
435.3	68
435.4	60
435.5	61
435.6	59
435.7	53
435.8	56
435.9	52
436	52
436.1	52
436.2	52
436.3	53
436.4	72
436.5	53
436.6	63
436.7	53
436.8	60
436.9	53
437	66
437.1	61
437.2	61
437.3	59
437.4	55
437.5	70
437.6	55
437.7	66
437.8	59
437.9	53
438	68
438.1	56
438.2	68
438.3	53
438.4	66
438.5	59
438.6	53
438.7	53
438.8	53
438.9	72
439	55
439.1	66
439.2	59
439.3	53
439.4	68
439.5	66
439.6	61
439.7	61
439.8	59
439.9	53
440	63
440.1	61
440.2	55
440.3	68
440.4	53
440.5	68
440.6	53
440.7	68
440.8	53
440.9	63
441	61
441.1	59
441.2	53
441.3	52
441.4	59
441.5	53
441.6	53
441.7	68
441.8	60
441.9	59
442	53
442.1	59
442.2	53
442.3	66
442.4	61
442.5	60
442.6	53
442.7	53
442.8	53
442.9	61
443	61
443.1	56
443.2	68
443.3	53
443.4	70
443.5	56
443.6	68
443.7	56
443.8	63
443.9	61
444	59
444.1	55
444.2	70
444.3	56
444.4	68
444.5	59
444.6	53
444.7	68
444.8	53
444.9	68
445	53
445.1	68
445.2	53
445.3	69
445.4	61
445.5	68
445.6	53
445.7	68
445.8	53
445.9	68
446	55
446.1	68
446.2	56
446.3	73
446.4	55
446.5	70
446.6	60
446.7	61
446.8	61
446.9	59
447	53
447.1	61
447.2	61
447.3	59
447.4	56
447.5	70
447.6	53
447.7	63
447.8	53
447.9	60
448	55
448.1	68
448.2	56
448.3	68
448.4	58
448.5	60
448.6	53
448.7	61
448.8	53
448.9	53
449	61
449.1	61
449.2	59
449.3	56
449.4	53
449.5	66
449.6	60
449.7	55
449.8	68
449.9	53
450	68
450.1	53
450.2	70
450.3	56
450.4	70
450.5	53
450.6	73
450.7	53
450.8	66
450.9	53
451	56
451.1	72
451.2	53
451.3	73
451.4	55
451.5	68
451.6	59
451.7	53
451.8	68
451.9	66
452	66
452.1	60
452.2	53
452.3	52
452.4	53
452.5	68
452.6	60
452.7	61
452.8	59
452.9	66
453	60
453.1	56
453.2	69
453.3	53
453.4	70
453.5	56
453.6	70
453.7	66
453.8	61
453.9	61
454	56
454.1	68
454.2	56
454.3	66
454.4	59
454.5	53
454.6	68
454.7	61
454.8	68
454.9	60
455	61
455.1	56
455.2	69
455.3	56
455.4	68
455.5	61
455.6	66
455.7	61
455.8	53
455.9	53
456	53
456.1	66
456.2	60
456.3	58
456.4	52
456.5	67
456.6	61
456.7	61
456.8	53
456.9	68
457	55
457.1	68
457.2	56
457.3	74
457.4	53
457.5	61
457.6	53
457.7	53
457.8	61
457.9	59
458	55
458.1	68
458.2	60
458.3	61
458.4	59
458.5	53
458.6	56
458.7	52
458.8	52
458.9	52
459	53
459.1	53
459.2	52
459.3	59
459.4	66
459.5	61
459.6	61
459.7	59
459.8	53
459.9	61
460	59
460.1	56
460.2	70
460.3	53
460.4	66
460.5	59
460.6	66
460.7	61
460.8	61
460.9	59
461	55
461.1	68
461.2	60
461.3	61
461.4	59
461.5	53
461.6	61
461.7	61
461.8	59
461.9	53
462	52
462.1	53
462.2	69
462.3	53
462.4	68
462.5	59
462.6	61
462.7	61
462.8	58
462.9	56
463	72
463.1	53
463.2	68
463.3	56
463.4	53
463.5	53
463.6	61
463.7	55
463.8	68
463.9	53
464	68
464.1	66
464.2	61
464.3	61
464.4	55
464.5	68
464.6	56
464.7	70
464.8	66
464.9	61
465	61
465.1	53
465.2	56
465.3	53
465.4	61
465.5	61
465.6	59
465.7	66
465.8	60
465.9	56
466	69
466.1	53
466.2	69
466.3	56
466.4	70
466.5	56
466.6	74
466.7	53
466.8	63
466.9	53
467	59
467.1	56
467.2	70
467.3	53
467.4	66
467.5	53
467.6	63
467.7	66
467.8	61
467.9	53
468	53
468.1	66
468.2	61
468.3	61
468.4	56
468.5	69
468.6	53
468.7	68
468.8	53
468.9	68
469	53
469.1	68
469.2	58
469.3	68
469.4	60
469.5	59
469.6	53
469.7	53
469.8	63
469.9	61
470	61
470.1	66
470.2	61
470.3	53
470.4	66
470.5	61
470.6	61
470.7	59
470.8	53
470.9	53
471	68
471.1	61
471.2	56
471.3	68
471.4	68
471.5	61
471.6	59
471.7	53
471.8	53
471.9	53
472	73
472.1	56
472.2	70
472.3	56
472.4	74
472.5	56
472.6	68
472.7	59
472.8	53
472.9	68
473	56
473.1	69
473.2	53
473.3	68
473.4	59
473.5	56
473.6	69
473.7	53
473.8	66
473.9	59
474	53
474.1	53
474.2	53
474.3	61
474.4	61
474.5	59
474.6	53
474.7	70
474.8	56
474.9	70
475	59
475.1	59
475.2	53
475.3	66
475.4	61
475.5	61
475.6	55
475.7	69
475.8	53
475.9	68
476	66
476.1	61
476.2	61
476.3	55
476.4	68
476.5	56
476.6	68
476.7	56
476.8	74
476.9	53
477	61
477.1	53
477.2	61
477.3	61
477.4	59
477.5	53
477.6	68
477.7	61
477.8	61
477.9	61
478	55
478.1	68
478.2	56
478.3	68
478.4	56
478.5	74
478.6	55
478.7	68
478.8	56
478.9	55
479	68
479.1	59
479.2	53
479.3	53
479.4	56
479.5	53
479.6	66
479.7	61
479.8	53
479.9	53
480	52
480.1	53
480.2	53
480.3	66
480.4	60
480.5	53
480.6	63
480.7	61
480.8	56
480.9	69
481	53
481.1	63
481.2	61
481.3	55
481.4	69
481.5	53
481.6	68
481.7	53
481.8	68
481.9	53
482	69
482.1	53
482.2	61
482.3	61
482.4	59
482.5	53
482.6	66
482.7	60
482.8	55
482.9	68
483	53
483.1	69
483.2	53
483.3	72
483.4	55
483.5	68
483.6	58
483.7	53
483.8	66
483.9	61
484	61
484.1	59
484.2	53
484.3	52
484.4	59
484.5	56
484.6	52
484.7	56
484.8	52
484.9	53
485	53
485.1	68
485.2	61
485.3	61
485.4	56
485.5	68
485.6	61
485.7	73
485.8	53
485.9	70
486	66
486.1	61
486.2	61
486.3	53
486.4	53
486.5	53
486.6	66
486.7	61
486.8	53
486.9	66
487	59
487.1	55
487.2	70
487.3	53
487.4	61
487.5	53
487.6	53
487.7	63
487.8	59
487.9	56
488	70
488.1	53
488.2	66
488.3	53
488.4	56
488.5	70
488.6	59
488.7	61
488.8	61
488.9	59
489	53
489.1	68
489.2	61
489.3	63
489.4	61
489.5	56
489.6	69
489.7	59
489.8	70
489.9	61
490	64
490.1	61
490.2	56
490.3	69
490.4	56
490.5	68
490.6	60
490.7	61
490.8	61
490.9	59
491	53
491.1	61
491.2	59
491.3	53
491.4	53
491.5	56
491.6	52
491.7	53
491.8	53
491.9	53
492	53
492.1	61
492.2	63
492.3	61
492.4	56
492.5	69
492.6	56
492.7	68
492.8	61
492.9	68
493	61
493.1	68
493.2	61
493.3	68
493.4	60
493.5	61
493.6	59
493.7	53
493.8	56
493.9	53
494	58
494.1	66
494.2	61
494.3	61
494.4	59
494.5	53
494.6	61
494.7	61
494.8	59
494.9	53
495	68
495.1	61
495.2	61
495.3	61
495.4	59
495.5	64
495.6	59
495.7	55
495.8	68
495.9	61
496	64
496.1	61
496.2	56
496.3	68
496.4	67
496.5	61
496.6	61
496.7	56
496.8	52
496.9	53
497	53
497.1	61
497.2	61
497.3	55
497.4	69
497.5	53
497.6	68
497.7	59
497.8	73
497.9	56
498	70
498.1	53
498.2	73
498.3	53
498.4	70
498.5	53
498.6	74
498.7	53
498.8	68
498.9	53
499	61
499.1	66
499.2	61
499.3	53
499.4	53
499.5	53
499.6	61
499.7	61
499.8	59
499.9	53
500	53
500.1	53
500.2	63
500.3	61
500.4	59
500.5	53
500.6	52
500.7	59
500.8	53
500.9	66
501	60
501.1	53
501.2	68
501.3	56
501.4	69
501.5	56
501.6	74
501.7	53
501.8	61
501.9	53
502	53
502.1	59
502.2	53
502.3	53
502.4	59
502.5	56
502.6	53
502.7	61
502.8	59
502.9	53
503	53
503.1	53
503.2	69
503.3	58
503.4	68
503.5	61
503.6	61
503.7	61
503.8	59
503.9	53
504	53
504.1	61
504.2	61
504.3	59
504.4	53
504.5	66
504.6	60
504.7	53
504.8	66
504.9	59
505	55
505.1	70
505.2	53
505.3	70
505.4	66
505.5	61
505.6	61
505.7	55
505.8	69
505.9	53
506	68
506.1	53
506.2	70
506.3	53
506.4	70
506.5	53
506.6	68
506.7	61
506.8	61
506.9	61
507	59
507.1	53
507.2	53
507.3	53
507.4	72
507.5	53
507.6	66
507.7	58
507.8	56
507.9	68
508	56
508.1	70
508.2	53
508.3	66
508.4	59
508.5	55
508.6	68
508.7	63
508.8	66
508.9	60
509	53
509.1	66
509.2	61
509.3	61
509.4	59
509.5	56
509.6	70
509.7	53
509.8	68
509.9	59
510	53
510.1	68
510.2	61
510.3	61
510.4	56
510.5	69
510.6	53
510.7	66
510.8	59
510.9	53
511	66
511.1	59
511.2	53
511.3	68
511.4	61
511.5	61
511.6	59
511.7	53
511.8	53
511.9	61
512	59
512.1	53
512.2	53
512.3	53
512.4	60
512.5	53
512.6	59
512.7	56
512.8	53
512.9	61
513	61
513.1	56
513.2	70
513.3	53
513.4	61
513.5	61
513.6	59
513.7	56
513.8	70
513.9	59
514	68
514.1	61
514.2	70
514.3	61
514.4	63
514.5	61
514.6	59
514.7	53
514.8	53
514.9	53
515	56
515.1	70
515.2	53
515.3	70
515.4	61
515.5	64
515.6	61
515.7	56
515.8	53
515.9	70
516	61
516.1	63
516.2	61
516.3	56
516.4	55
516.5	74
516.6	53
516.7	68
516.8	53
516.9	53
517	61
517.1	53
517.2	53
517.3	53
517.4	69
517.5	53
517.6	68
517.7	64
517.8	65
517.9	60
518	55
518.1	66
518.2	59
518.3	53
518.4	56
518.5	53
518.6	59
518.7	53
518.8	53
518.9	61
519	59
519.1	53
519.2	53
519.3	53
519.4	66
519.5	53
519.6	53
519.7	59
519.8	53
519.9	53
520	61
520.1	61
520.2	59
520.3	53
520.4	61
520.5	61
520.6	59
520.7	53
520.8	61
520.9	61
521	59
521.1	55
521.2	68
521.3	61
521.4	61
521.5	59
521.6	56
521.7	70
521.8	56
521.9	66
522	58
522.1	56
522.2	69
522.3	53
522.4	68
522.5	59
522.6	56
522.7	53
522.8	59
522.9	59
523	53
523.1	53
523.2	70
523.3	61
523.4	63
523.5	61
523.6	58
523.7	53
523.8	53
523.9	53
524	56
524.1	70
524.2	53
524.3	72
524.4	56
524.5	68
524.6	59
524.7	53
524.8	53
524.9	53
525	69
525.1	53
525.2	70
525.3	53
525.4	70
525.5	59
525.6	68
525.7	56
525.8	70
525.9	61
526	65
526.1	60
526.2	55
526.3	66
526.4	59
526.5	53
526.6	59
526.7	59
526.8	53
526.9	53
527	53
527.1	53
527.2	61
527.3	59
527.4	56
527.5	70
527.6	56
527.7	66
527.8	58
527.9	56
528	68
528.1	59
528.2	68
528.3	61
528.4	66
528.5	59
528.6	53
528.7	53
528.8	66
528.9	61
529	61
529.1	56
529.2	53
529.3	53
529.4	53
529.5	61
529.6	61
529.7	59
529.8	53
529.9	66
530	59
530.1	53
530.2	68
530.3	61
530.4	66
530.5	59
530.6	53
530.7	53
530.8	56
530.9	74
531	53
531.1	69
531.2	53
531.3	72
531.4	61
531.5	66
531.6	59
531.7	53
531.8	69
531.9	56
532	70
532.1	53
532.2	70
532.3	61
532.4	65
532.5	59
532.6	53
532.7	53
532.8	53
532.9	53
533	66
533.1	61
533.2	61
533.3	53
533.4	68
533.5	53
533.6	70
533.7	53
533.8	72
533.9	53
534	66
534.1	59
534.2	56
534.3	68
534.4	53
534.5	68
534.6	53
534.7	69
534.8	53
534.9	70
535	53
535.1	69
535.2	61
535.3	66
535.4	59
535.5	53
535.6	68
535.7	53
535.8	70
535.9	53
536	74
536.1	53
536.2	68
536.3	53
536.4	59
536.5	55
536.6	69
536.7	53
536.8	66
536.9	59
537	53
537.1	68
537.2	53
537.3	70
537.4	53
537.5	70
537.6	61
537.7	66
537.8	59
537.9	56
538	68
538.1	53
538.2	66
538.3	56
538.4	53
538.5	61
538.6	52
538.7	53
538.8	59
538.9	56
539	68
539.1	53
539.2	66
539.3	58
539.4	53
539.5	68
539.6	53
539.7	69
539.8	53
539.9	69
540	61
540.1	66
540.2	59
540.3	53
540.4	59
540.5	53
540.6	53
540.7	59
540.8	55
540.9	68
541	53
541.1	68
541.2	53
541.3	70
541.4	59
541.5	66
541.6	56
541.7	70
541.8	53
541.9	70
542	59
542.1	53
542.2	53
542.3	53
542.4	56
542.5	59
542.6	52
542.7	53
542.8	52
542.9	63
543	68
543.1	60
543.2	61
543.3	59
543.4	53
543.5	56
543.6	73
543.7	53
543.8	70
543.9	52
544	70
544.1	61
544.2	63
544.3	59
544.4	55
544.5	68
544.6	53
544.7	66
544.8	59
544.9	56
545	68
545.1	53
545.2	66
545.3	59
545.4	53
545.5	68
545.6	53
545.7	61
545.8	59
545.9	58
546	52
546.1	61
546.2	59
546.3	58
546.4	53
546.5	68
546.6	52
546.7	61
546.8	53
546.9	59
547	56
547.1	68
547.2	53
547.3	68
547.4	52
547.5	68
547.6	53
547.7	68
547.8	53
547.9	68
548	59
548.1	52
548.2	52
548.3	52
548.4	68
548.5	56
548.6	66
548.7	59
548.8	55
548.9	68
549	52
549.1	53
549.2	66
549.3	58
549.4	53
549.5	59
549.6	52
549.7	66
549.8	59
549.9	59
550	58
550.1	55
550.2	59
550.3	53
550.4	53
550.5	59
550.6	52
550.7	52
550.8	52
550.9	52
551	53
551.1	59
551.2	52
551.3	53
551.4	68
551.5	52
551.6	52
551.7	52
551.8	52
551.9	52
552	53
552.1	52
552.2	52
552.3	52
552.4	61
552.5	59
552.6	53
552.7	68
552.8	53
552.9	68
553	49
553.1	68
553.2	53
553.3	68
553.4	52
553.5	68
553.6	52
553.7	70
553.8	59
553.9	65
554	58
554.1	53
554.2	66
554.3	52
554.4	65
554.5	58
554.6	56
554.7	67
554.8	52
554.9	65
555	56
555.1	60
555.2	59
555.3	55
555.4	68
555.5	59
555.6	63
555.7	59
555.8	58
555.9	53
556	67
556.1	52
556.2	65
556.3	53
556.4	68
556.5	52
556.6	66
556.7	61
556.8	68
556.9	53
557	68
557.1	59
557.2	52
557.3	53
557.4	61
557.5	58
557.6	53
557.7	52
557.8	59
557.9	59
558	61
558.1	61
558.2	59
558.3	58
558.4	52
558.5	66
558.6	52
558.7	64
558.8	58
558.9	49
559	56
559.1	52
559.2	61
559.3	58
559.4	58
559.5	53
559.6	68
559.7	59
559.8	58
559.9	58
560	52
560.1	68
560.2	56
560.3	64
560.4	58
560.5	67
560.6	58
560.7	58
560.8	52
560.9	52
561	52
561.1	52
561.2	61
561.3	59
561.4	58
561.5	56
561.6	53
561.7	65
561.8	52
561.9	68
562	49
562.1	64
562.2	56
562.3	70
562.4	52
562.5	70
562.6	49
562.7	66
562.8	58
562.9	59
563	61
563.1	59
563.2	49
563.3	58
563.4	66
563.5	59
563.6	61
563.7	58
563.8	58
563.9	61
564	61
564.1	58
564.2	49
564.3	66
564.4	58
564.5	58
564.6	58
564.7	55
564.8	52
564.9	53
565	59
565.1	58
565.2	58
565.3	52
565.4	66
565.5	49
565.6	56
565.7	49
565.8	61
565.9	58
566	49
566.1	49
566.2	59
566.3	58
566.4	55
566.5	52
566.6	52
566.7	59
566.8	58
566.9	66
567	58
567.1	52
567.2	58
567.3	49
567.4	58
567.5	58
567.6	52
567.7	52
567.8	49
567.9	63
568	58
568.1	55
568.2	49
568.3	66
568.4	58
568.5	58
568.6	61
568.7	61
568.8	58
568.9	66
569	59
569.1	58
569.2	58
569.3	52
569.4	65
569.5	56
569.6	64
569.7	53
569.8	61
569.9	58
570	58
570.1	52
570.2	65
570.3	55
570.4	61
570.5	58
570.6	55
570.7	59
570.8	58
570.9	49
571	49
571.1	61
571.2	56
571.3	55
571.4	61
571.5	58
571.6	52
571.7	65
571.8	49
571.9	59
572	58
572.1	56
572.2	58
572.3	57
572.4	49
572.5	49
572.6	52
572.7	66
572.8	49
572.9	67
573	49
573.1	65
573.2	49
573.3	49
573.4	61
573.5	58
573.6	55
573.7	59
573.8	58
573.9	49
574	61
574.1	61
574.2	58
574.3	53
574.4	61
574.5	58
574.6	59
574.7	60
574.8	58
574.9	56
575	49
575.1	52
575.2	58
575.3	58
575.4	55
575.5	49
575.6	55
575.7	49
575.8	58
575.9	55
576	52
576.1	52
576.2	52
576.3	58
576.4	56
576.5	49
576.6	52
576.7	61
576.8	57
576.9	52
577	49
577.1	52
577.2	58
577.3	58
577.4	49
577.5	56
577.6	58
577.7	49
577.8	65
577.9	49
578	65
578.1	49
578.2	58
578.3	58
578.4	55
578.5	49
578.6	58
578.7	58
578.8	56
578.9	56
579	52
579.1	56
579.2	64
579.3	56
579.4	49
579.5	55
579.6	52
579.7	59
579.8	58
579.9	52
580	56
580.1	49
580.2	49
580.3	52
580.4	56
580.5	49
580.6	52
580.7	49
580.8	55
580.9	59
581	58
581.1	52
581.2	49
581.3	49
581.4	63
581.5	55
581.6	52
581.7	58
581.8	57
581.9	61
582	58
582.1	58
582.2	55
582.3	49
582.4	58
582.5	58
582.6	52
582.7	59
582.8	58
582.9	52
583	49
583.1	48
583.2	58
583.3	57
583.4	55
583.5	48
583.6	58
583.7	56
583.8	55
583.9	48
584	58
584.1	56
584.2	49
584.3	51
584.4	52
584.5	48
584.6	48
584.7	58
584.8	57
584.9	61
585	58
585.1	58
585.2	55
585.3	49
585.4	56
585.5	48
585.6	48
585.7	57
585.8	55
585.9	52
586	52
586.1	56
586.2	52
586.3	55
586.4	65
586.5	55
586.6	66
586.7	48
586.8	56
586.9	52
587	49
587.1	48
587.2	55
587.3	48
587.4	55
587.5	49
587.6	66
587.7	52
587.8	48
587.9	55
588	48
588.1	49
588.2	48
588.3	58
588.4	55
588.5	48
588.6	58
588.7	57
588.8	55
588.9	48
589	48
589.1	55
589.2	48
589.3	65
589.4	48
589.5	55
589.6	48
589.7	52
589.8	64
589.9	54
590	48
590.1	56
590.2	48
590.3	58
590.4	48
590.5	52
590.6	48
590.7	55
590.8	55
590.9	48
591	55
591.1	52
591.2	52
591.3	48
591.4	52
591.5	48
591.6	48
591.7	58
591.8	55
591.9	55
592	63
592.1	55
592.2	63
592.3	55
592.4	66
592.5	52
592.6	48
592.7	48
592.8	47
592.9	52
593	48
593.1	51
593.2	48
593.3	48
593.4	47
593.5	63
593.6	58
593.7	52
593.8	56
593.9	48
594	48
594.1	63
594.2	52
594.3	66
594.4	59
594.5	65
594.6	63
594.7	59
594.8	61
594.9	61
595	61
595.1	61
595.2	61
595.3	61
595.4	61
595.5	61
595.6	61
595.7	61
595.8	61
595.9	61
596	61
596.1	61
596.2	61
596.3	61
596.4	61
596.5	61
596.6	61
596.7	61
596.8	61
596.9	60
597	61
597.1	61
597.2	61
597.3	61
597.4	61
597.5	61
597.6	60
597.7	61
597.8	61
597.9	61
598	61
598.1	61
598.2	61
598.3	60
598.4	55
598.5	55
598.6	61
598.7	60
598.8	52
598.9	52
599	60
599.1	61
599.2	52
599.3	60
599.4	59
599.5	61
599.6	59
599.7	51
599.8	55
599.9	58
600	61
600.1	52
600.2	60
600.3	62
600.4	60
600.5	51
600.6	52
600.7	61
600.8	58
600.9	52
601	58
601.1	60
601.2	56
601.3	57
601.4	58
601.5	52
601.6	52
601.7	58
601.8	61
601.9	52
602	58
602.1	60
602.2	53
602.3	58
602.4	59
602.5	56
602.6	49
602.7	52
602.8	52
602.9	58
603	48
603.1	60
603.2	58
603.3	52
603.4	52
603.5	56
603.6	49
603.7	56
603.8	55
603.9	55
604	33
604.1	52
604.2	61
604.3	58
604.4	26
604.5	47
604.6	58
604.7	47
604.8	15
604.9	10
605	5
605.1	4
605.2	4
605.3	3
605.4	2
605.5	2
605.6	2
605.7	2
605.8	2
605.9	2
606	2
606.1	2
606.2	2
606.3	2
606.4	2
606.5	2
606.6	2
606.7	2
606.8	2
606.9	2
607	2
607.1	2
607.2	1
607.3	2
607.4	1
607.5	2
607.6	2
607.7	2
607.8	2
607.9	2
608	1
608.1	2
608.2	1
608.3	2
608.4	1
608.5	2
608.6	1
608.7	1
608.8	1
608.9	1
609	1
609.1	2
609.2	1
609.3	2
609.4	1
609.5	2
609.6	1
609.7	2
609.8	1
609.9	2
610	1
610.1	2
610.2	1
610.3	2
610.4	1
610.5	2
610.6	1
610.7	2
610.8	1
610.9	2
611	1
611.1	2
611.2	1
611.3	2
611.4	1
611.5	2
611.6	1
611.7	2
611.8	1
611.9	2
612	1
612.1	2
612.2	1
612.3	2
612.4	1
612.5	2
612.6	1
612.7	2
612.8	1
612.9	2
613	1
613.1	2
613.2	1
613.3	2
613.4	1
613.5	2
613.6	1
613.7	2
613.8	1
613.9	2
614	1
614.1	2
614.2	1
614.3	2
614.4	1
614.5	2
614.6	1
614.7	2
614.8	1
614.9	2
615	1
615.1	2
615.2	1
615.3	2
615.4	1
615.5	2
615.6	1
615.7	2
615.8	1
615.9	2
616	1
616.1	2
616.2	1
616.3	2
616.4	1
616.5	2
616.6	1
616.7	2
616.8	1
616.9	2
617	1
617.1	2
617.2	1
617.3	2
617.4	1
617.5	2
617.6	1
617.7	2
617.8	1
617.9	2
618	1
618.1	2
618.2	2
618.3	2
618.4	2
618.5	2
618.6	2
618.7	2
618.8	2
618.9	2
619	2
619.1	2
619.2	2
619.3	2
619.4	2
619.5	2
619.6	2
619.7	2
619.8	2
619.9	2
620	2
620.1	2
620.2	2
620.3	2
620.4	2
620.5	2
620.6	2
620.7	2
620.8	2
620.9	2
621	2
621.1	2
621.2	2
621.3	2
621.4	2
621.5	2
621.6	2
621.7	2
621.8	2
621.9	2
622	2
622.1	2
622.2	2
622.3	2
622.4	2
622.5	2
622.6	2
622.7	2
622.8	2
622.9	2
623	2
623.1	2
623.2	2
623.3	2
623.4	2
623.5	2
623.6	2
623.7	2
623.8	2
623.9	2
624	2
624.1	2
624.2	2
624.3	2
624.4	2
624.5	2
624.6	3
624.7	2
624.8	3
624.9	2
625	3
625.1	2
625.2	3
625.3	2
625.4	3
625.5	2
625.6	3
625.7	2
625.8	3
625.9	2
626	3
626.1	2
626.2	3
626.3	2
626.4	3
626.5	2
626.6	3
626.7	2
626.8	3
626.9	2
627	3
627.1	2
627.2	3
627.3	2
627.4	3
627.5	2
627.6	3
627.7	2
627.8	3
627.9	2
628	3
628.1	2
628.2	3
628.3	2
628.4	3
628.5	2
628.6	3
628.7	2
628.8	3
628.9	2
629	3
629.1	2
629.2	3
629.3	2
629.4	3
629.5	2
629.6	3
629.7	2
629.8	3
629.9	2
630	3
630.1	2
630.2	3
630.3	2
630.4	3
630.5	2
630.6	3
630.7	2
630.8	3
630.9	2
631	3
631.1	2
631.2	3
631.3	2
631.4	3
631.5	2
631.6	3
631.7	2
631.8	3
631.9	2
632	3
632.1	2
632.2	4
632.3	3
632.4	4
632.5	3
632.6	4
632.7	3
632.8	4
632.9	4
633	4
633.1	4
633.2	4
633.3	4
633.4	4
633.5	4
633.6	4
633.7	4
633.8	4
633.9	4
634	4
634.1	4
634.2	4
634.3	4
634.4	4
634.5	4
634.6	4
634.7	4
634.8	4
634.9	4
635	4
635.1	4
635.2	4
635.3	4
635.4	4
635.5	4
635.6	4
635.7	4
635.8	4
635.9	4
636	4
636.1	4
636.2	4
636.3	4
636.4	4
636.5	4
636.6	4
636.7	4
636.8	4
636.9	4
637	4
637.1	4
637.2	4
637.3	4
637.4	4
637.5	4
637.6	4
637.7	4
637.8	4
637.9	4
638	4
638.1	4
638.2	4
638.3	4
638.4	4
638.5	4
638.6	4
638.7	4
638.8	4
638.9	47
639	52
639.1	48
639.2	48
639.3	48
639.4	52
639.5	48
639.6	48
639.7	48
639.8	55
639.9	52
640	48
640.1	64
640.2	48
640.3	48
640.4	48
640.5	48
640.6	65
640.7	48
640.8	48
640.9	47
641	48
641.1	48
641.2	48
641.3	48
641.4	48
641.5	55
641.6	59
641.7	48
641.8	48
641.9	48
642	55
642.1	48
642.2	48
642.3	55
642.4	54
642.5	52
642.6	52
642.7	52
642.8	48
642.9	55
643	54
643.1	52
643.2	48
643.3	56
643.4	58
643.5	48
643.6	52
643.7	48
643.8	48
643.9	48
644	48
644.1	66
644.2	48
644.3	48
644.4	58
644.5	48
644.6	55
644.7	48
644.8	48
644.9	52
645	48
645.1	55
645.2	48
645.3	55
645.4	48
645.5	48
645.6	55
645.7	48
645.8	58
645.9	55
646	48
646.1	48
646.2	55
646.3	61
646.4	55
646.5	52
646.6	63
646.7	48
646.8	48
646.9	48
647	52
647.1	63
647.2	55
647.3	63
647.4	55
647.5	48
647.6	52
647.7	52
647.8	48
647.9	63
648	55
648.1	48
648.2	48
648.3	65
648.4	55
648.5	48
648.6	55
648.7	48
648.8	48
648.9	48
649	48
649.1	61
649.2	48
649.3	48
649.4	66
649.5	53
649.6	65
649.7	48
649.8	48
649.9	48
650	52
650.1	48
650.2	48
650.3	48
650.4	48
650.5	55
650.6	61
650.7	55
650.8	48
650.9	48
651	48
651.1	48
651.2	48
651.3	48
651.4	48
651.5	48
651.6	56
651.7	63
651.8	53
651.9	65
652	55
652.1	48
652.2	48
652.3	48
652.4	49
652.5	61
652.6	55
652.7	55
652.8	65
652.9	52
653	58
653.1	48
653.2	48
653.3	48
653.4	48
653.5	48
653.6	48
653.7	48
653.8	55
653.9	48
654	48
654.1	48
654.2	49
654.3	65
654.4	48
654.5	48
654.6	48
654.7	61
654.8	48
654.9	55
655	61
655.1	56
655.2	55
655.3	48
655.4	48
655.5	52
655.6	48
655.7	55
655.8	48
655.9	48
656	64
656.1	48
656.2	48
656.3	63
656.4	49
656.5	49
656.6	48
656.7	48
656.8	48
656.9	64
657	56
657.1	52
657.2	65
657.3	48
657.4	56
657.5	49
657.6	48
657.7	48
657.8	52
657.9	65
658	56
658.1	68
658.2	55
658.3	48
658.4	48
658.5	48
658.6	48
658.7	48
658.8	61
658.9	49
659	48
659.1	66
659.2	55
659.3	66
659.4	56
659.5	64
659.6	49
659.7	56
659.8	49
659.9	56
660	48
660.1	52
660.2	48
660.3	49
660.4	48
660.5	48
660.6	56
660.7	55
660.8	48
660.9	48
661	48
661.1	49
661.2	61
661.3	48
661.4	48
661.5	49
661.6	48
661.7	56
661.8	48
661.9	49
662	48
662.1	66
662.2	48
662.3	56
662.4	64
662.5	49
662.6	56
662.7	55
662.8	49
662.9	48
663	49
663.1	55
663.2	63
663.3	52
663.4	65
663.5	48
663.6	52
663.7	49
663.8	62
663.9	49
664	48
664.1	49
664.2	61
664.3	55
664.4	53
664.5	55
664.6	65
664.7	56
664.8	55
664.9	61
665	48
665.1	65
665.2	53
665.3	58
665.4	61
665.5	49
665.6	48
665.7	52
665.8	61
665.9	55
666	48
666.1	55
666.2	63
666.3	56
666.4	49
666.5	58
666.6	55
666.7	64
666.8	48
666.9	48
667	48
667.1	49
667.2	66
667.3	48
667.4	49
667.5	48
667.6	49
667.7	49
667.8	48
667.9	49
668	62
668.1	55
668.2	48
668.3	53
668.4	49
668.5	49
668.6	65
668.7	53
668.8	52
668.9	67
669	52
669.1	48
669.2	66
669.3	49
669.4	48
669.5	65
669.6	48
669.7	49
669.8	48
669.9	53
670	56
670.1	66
670.2	56
670.3	52
670.4	49
670.5	63
670.6	56
670.7	49
670.8	48
670.9	48
671	55
671.1	48
671.2	48
671.3	48
671.4	66
671.5	48
671.6	48
671.7	49
671.8	48
671.9	52
672	49
672.1	63
672.2	55
672.3	66
672.4	56
672.5	55
672.6	52
672.7	56
672.8	63
672.9	48
673	56
673.1	63
673.2	49
673.3	48
673.4	49
673.5	52
673.6	52
673.7	48
673.8	52
673.9	55
674	66
674.1	56
674.2	53
674.3	49
674.4	66
674.5	48
674.6	48
674.7	52
674.8	52
674.9	49
675	55
675.1	66
675.2	49
675.3	49
675.4	58
675.5	53
675.6	61
675.7	53
675.8	58
675.9	49
676	55
676.1	49
676.2	49
676.3	49
676.4	65
676.5	48
676.6	49
676.7	66
676.8	49
676.9	49
677	63
677.1	56
677.2	49
677.3	65
677.4	55
677.5	52
677.6	64
677.7	58
677.8	49
677.9	58
678	63
678.1	55
678.2	48
678.3	56
678.4	55
678.5	67
678.6	49
678.7	48
678.8	56
678.9	66
679	49
679.1	48
679.2	49
679.3	52
679.4	49
679.5	49
679.6	48
679.7	48
679.8	58
679.9	63
680	53
680.1	56
680.2	65
680.3	52
680.4	49
680.5	61
680.6	58
680.7	55
680.8	55
680.9	65
681	49
681.1	55
681.2	49
681.3	49
681.4	48
681.5	48
681.6	56
681.7	65
681.8	56
681.9	63
682	58
682.1	52
682.2	67
682.3	49
682.4	48
682.5	51
682.6	66
682.7	49
682.8	48
682.9	49
683	49
683.1	49
683.2	49
683.3	52
683.4	48
683.5	48
683.6	48
683.7	49
683.8	55
683.9	66
684	49
684.1	48
684.2	52
684.3	49
684.4	49
684.5	66
684.6	49
684.7	68
684.8	55
684.9	65
685	49
685.1	49
685.2	59
685.3	58
685.4	64
685.5	53
685.6	49
685.7	53
685.8	64
685.9	55
686	49
686.1	52
686.2	49
686.3	61
686.4	56
686.5	65
686.6	49
686.7	53
686.8	56
686.9	49
687	56
687.1	63
687.2	49
687.3	63
687.4	55
687.5	65
687.6	52
687.7	66
687.8	56
687.9	61
688	49
688.1	61
688.2	56
688.3	52
688.4	52
688.5	49
688.6	52
688.7	63
688.8	49
688.9	59
689	56
689.1	64
689.2	49
689.3	49
689.4	63
689.5	55
689.6	66
689.7	49
689.8	49
689.9	53
690	63
690.1	56
690.2	49
690.3	59
690.4	56
690.5	61
690.6	56
690.7	49
690.8	55
690.9	66
691	56
691.1	55
691.2	49
691.3	65
691.4	56
691.5	49
691.6	49
691.7	49
691.8	49
691.9	49
692	66
692.1	53
692.2	61
692.3	49
692.4	59
692.5	56
692.6	64
692.7	52
692.8	56
692.9	49
693	55
693.1	66
693.2	53
693.3	53
693.4	56
693.5	63
693.6	55
693.7	61
693.8	49
693.9	59
694	59
694.1	56
694.2	63
694.3	49
694.4	58
694.5	49
694.6	65
694.7	55
694.8	68
694.9	56
695	49
695.1	49
695.2	64
695.3	56
695.4	49
695.5	64
695.6	49
695.7	61
695.8	49
695.9	49
696	49
696.1	62
696.2	49
696.3	56
696.4	62
696.5	49
696.6	58
696.7	63
696.8	63
696.9	56
697	52
697.1	56
697.2	65
697.3	55
697.4	49
697.5	59
697.6	49
697.7	63
697.8	56
697.9	61
698	49
698.1	63
698.2	49
698.3	63
698.4	56
698.5	65
698.6	49
698.7	55
698.8	49
698.9	64
699	56
699.1	52
699.2	56
699.3	66
699.4	53
699.5	63
699.6	55
699.7	49
699.8	59
699.9	58
700	53
700.1	63
700.2	49
700.3	66
700.4	49
700.5	55
700.6	56
700.7	65
700.8	49
700.9	59
701	56
701.1	64
701.2	49
701.3	49
701.4	55
701.5	63
701.6	56
701.7	49
701.8	55
701.9	68
702	56
702.1	63
702.2	58
702.3	53
702.4	55
702.5	68
702.6	56
702.7	49
702.8	60
702.9	58
703	65
703.1	49
703.2	66
703.3	61
703.4	49
703.5	61
703.6	49
703.7	66
703.8	53
703.9	64
704	53
704.1	61
704.2	49
704.3	66
704.4	52
704.5	63
704.6	61
704.7	49
704.8	49
704.9	65
705	49
705.1	53
705.2	49
705.3	63
705.4	56
705.5	63
705.6	56
705.7	52
705.8	56
705.9	64
706	55
706.1	68
706.2	52
706.3	53
706.4	56
706.5	67
706.6	58
706.7	61
706.8	53
706.9	49
707	49
707.1	49
707.2	63
707.3	49
707.4	53
707.5	65
707.6	53
707.7	63
707.8	49
707.9	61
708	56
708.1	49
708.2	61
708.3	58
708.4	64
708.5	55
708.6	49
708.7	53
708.8	65
708.9	56
709	49
709.1	49
709.2	58
709.3	62
709.4	53
709.5	67
709.6	55
709.7	68
709.8	49
709.9	49
710	58
710.1	64
710.2	56
710.3	49
710.4	49
710.5	49
710.6	49
710.7	68
710.8	56
710.9	63
711	55
711.1	61
711.2	52
711.3	68
711.4	52
711.5	49
711.6	56
711.7	63
711.8	55
711.9	66
712	56
712.1	49
712.2	49
712.3	49
712.4	49
712.5	49
712.6	61
712.7	58
712.8	49
712.9	61
713	58
713.1	66
713.2	56
713.3	49
713.4	56
713.5	65
713.6	53
713.7	49
713.8	61
713.9	49
714	59
714.1	56
714.2	61
714.3	56
714.4	49
714.5	56
714.6	64
714.7	48
714.8	49
714.9	53
715	49
715.1	49
715.2	52
715.3	63
715.4	49
715.5	63
715.6	58
715.7	63
715.8	56
715.9	64
716	49
716.1	59
716.2	49
716.3	63
716.4	56
716.5	52
716.6	56
716.7	49
716.8	56
716.9	66
717	53
717.1	63
717.2	49
717.3	49
717.4	56
717.5	49
717.6	56
717.7	49
717.8	49
717.9	49
718	49
718.1	63
718.2	49
718.3	66
718.4	49
718.5	49
718.6	53
718.7	64
718.8	49
718.9	49
719	58
719.1	49
719.2	58
719.3	52
719.4	56
719.5	49
719.6	56
719.7	63
719.8	55
719.9	65
720	52
720.1	55
720.2	65
720.3	49
720.4	52
720.5	64
720.6	49
720.7	56
720.8	61
720.9	49
721	49
721.1	63
721.2	49
721.3	49
721.4	63
721.5	56
721.6	65
721.7	56
721.8	49
721.9	56
722	65
722.1	56
722.2	66
722.3	53
722.4	61
722.5	49
722.6	56
722.7	66
722.8	53
722.9	63
723	49
723.1	58
723.2	49
723.3	61
723.4	56
723.5	63
723.6	55
723.7	58
723.8	61
723.9	49
724	61
724.1	49
724.2	59
724.3	49
724.4	58
724.5	53
724.6	61
724.7	49
724.8	61
724.9	58
725	53
725.1	64
725.2	56
725.3	49
725.4	59
725.5	49
725.6	58
725.7	53
725.8	56
725.9	68
726	56
726.1	49
726.2	49
726.3	65
726.4	49
726.5	63
726.6	53
726.7	61
726.8	49
726.9	49
727	65
727.1	55
727.2	56
727.3	66
727.4	56
727.5	49
727.6	49
727.7	65
727.8	49
727.9	49
728	63
728.1	56
728.2	66
728.3	49
728.4	49
728.5	63
728.6	56
728.7	66
728.8	52
728.9	63
729	49
729.1	49
729.2	62
729.3	56
729.4	63
729.5	49
729.6	49
729.7	49
729.8	49
729.9	49
730	66
730.1	49
730.2	68
730.3	55
730.4	66
730.5	49
730.6	49
730.7	52
730.8	52
730.9	49
731	49
731.1	66
731.2	49
731.3	49
731.4	63
731.5	49
731.6	49
731.7	61
731.8	55
731.9	66
732	53
732.1	55
732.2	49
732.3	52
732.4	63
732.5	49
732.6	66
732.7	49
732.8	56
732.9	53
733	56
733.1	49
733.2	66
733.3	52
733.4	55
733.5	63
733.6	56
733.7	65
733.8	53
733.9	53
734	56
734.1	68
734.2	63
734.3	53
734.4	56
734.5	56
734.6	66
734.7	49
734.8	49
734.9	66
735	55
735.1	68
735.2	58
735.3	49
735.4	61
735.5	56
735.6	49
735.7	55
735.8	68
735.9	64
736	56
736.1	52
736.2	56
