0.0011999	48
0.00263965	41
0.00436705	17
0.00643992	26
0.00892676	24
0.0119101	23
0.0154883	22
0.0197816	21
0.0249318	21
0.031112	19
0.0385282	49
0.0474198	26
0.0580705	23
0.0708403	22
0.0861483	21
0.104484	21
0.126437	20
0.15278	49
0.184256	26
0.221879	23
0.266955	22
0.32074	21
0.384839	21
0.461759	19
0.552523	49
0.651356	26
0.750189	23
0.849022	22
0.947855	21
1.04669	21
1.14552	21
1.24435	33
1.34319	23
1.44202	23
1.54085	22
1.63968	21
1.73852	21
1.83735	20
1.93618	49
2.03502	30
2.13385	23
2.23268	22
2.33151	21
2.43035	21
2.52918	20
2.62801	19
2.72685	26
2.82568	23
2.92451	22
3.02334	21
3.12218	21
3.22101	19
3.31984	17
3.41867	49
3.51751	24
3.61634	22
3.71517	22
3.81401	22
3.91284	32
4.01167	48
4.1105	48
4.20934	23
4.30817	23
4.407	22
4.50584	22
4.60467	31
4.7035	48
4.80233	48
4.90117	24
5	23
5.1	22
5.2	22
5.3	31
5.4	48
5.5	48
5.6	24
5.7	22
5.8	22
5.9	22
6	29
6.1	28
6.2	48
6.3	24
6.4	22
6.5	22
6.6	21
6.7	22
6.8	33
6.9	50
7	22
7.1	22
7.2	21
7.3	21
7.4	19
7.5	17
7.6	6
7.7	23
7.8	22
7.9	21
8	21
8.1	20
8.2	21
8.3	6
8.4	22
8.5	22
8.6	21
8.7	21
8.8	19
8.9	17
9	6
9.1	21
9.2	21
9.3	21
9.4	20
9.5	19
9.6	17
9.7	6
9.8	19
9.9	21
10	21
10.1	20
10.2	19
10.3	16
10.4	6
10.5	17
10.6	20
10.7	20
10.8	19
10.9	18
11	16
11.1	6
11.2	13
11.3	19
11.4	19
11.5	19
11.6	18
11.7	16
11.8	7
11.9	11
12	17
12.1	18
12.2	17
12.3	16
12.4	14
12.5	6
12.6	8
12.7	15
12.8	16
12.9	16
13	16
13.1	13
13.2	5
13.3	5
13.4	12
13.5	15
13.6	15
13.7	14
13.8	11
13.9	4
14	4
14.1	9
14.2	12
14.3	13
14.4	12
14.5	8
14.6	4
14.7	3
14.8	6
14.9	9
15	10
15.1	9
15.2	6
15.3	3
15.4	3
15.5	4
15.6	6
15.7	8
15.8	7
15.9	6
16	3
16.1	2
16.2	3
16.3	5
16.4	6
16.5	6
16.6	4
16.7	3
16.8	2
16.9	3
17	4
17.1	4
17.2	4
17.3	4
17.4	3
17.5	2
17.6	3
17.7	3
17.8	3
17.9	3
18	3
18.1	3
18.2	2
18.3	3
18.4	3
18.5	3
18.6	3
18.7	3
18.8	3
18.9	3
19	2
19.1	3
19.2	3
19.3	3
19.4	3
19.5	3
19.6	2
19.7	2
19.8	3
19.9	3
20	3
20.1	3
20.2	3
20.3	3
20.4	2
20.5	2
20.6	3
20.7	3
20.8	3
20.9	3
21	2
21.1	2
21.2	3
21.3	3
21.4	3
21.5	3
21.6	3
21.7	3
21.8	2
21.9	2
22	2
22.1	2
22.2	2
22.3	2
22.4	2
22.5	2
22.6	2
22.7	3
22.8	3
22.9	3
23	3
23.1	3
23.2	2
23.3	2
23.4	2
23.5	2
23.6	2
23.7	2
23.8	2
23.9	2
24	2
24.1	2
24.2	3
24.3	3
24.4	3
24.5	3
24.6	2
24.7	2
24.8	2
24.9	2
25	2
25.1	2
25.2	2
25.3	2
25.4	2
25.5	2
25.6	3
25.7	3
25.8	3
25.9	3
26	3
26.1	2
26.2	2
26.3	2
26.4	2
26.5	2
26.6	2
26.7	2
26.8	2
26.9	2
27	2
27.1	3
27.2	3
27.3	3
27.4	3
27.5	3
27.6	3
27.7	2
27.8	2
27.9	2
28	2
28.1	2
28.2	2
28.3	3
28.4	3
28.5	3
28.6	3
28.7	3
28.8	3
28.9	3
29	3
29.1	3
29.2	3
29.3	3
29.4	3
29.5	3
29.6	3
29.7	3
29.8	3
29.9	3
30	3
30.1	3
30.2	3
30.3	3
30.4	3
30.5	3
30.6	3
30.7	3
30.8	3
30.9	3
31	3
31.1	3
31.2	3
31.3	3
31.4	3
31.5	3
31.6	3
31.7	3
31.8	3
31.9	3
32	3
32.1	3
32.2	3
32.3	3
32.4	3
32.5	3
32.6	3
32.7	3
32.8	3
32.9	3
33	3
33.1	3
33.2	3
33.3	3
33.4	3
33.5	3
33.6	3
33.7	3
33.8	3
33.9	3
34	3
34.1	3
34.2	3
34.3	3
34.4	3
34.5	3
34.6	3
34.7	3
34.8	3
34.9	3
35	3
35.1	3
35.2	3
35.3	3
35.4	3
35.5	3
35.6	3
35.7	3
35.8	3
35.9	3
36	3
36.1	3
36.2	3
36.3	3
36.4	3
36.5	3
36.6	3
36.7	3
36.8	3
36.9	3
37	3
37.1	3
37.2	3
37.3	3
37.4	3
37.5	3
37.6	3
37.7	3
37.8	3
37.9	3
38	3
38.1	3
38.2	3
38.3	3
38.4	3
38.5	3
38.6	3
38.7	3
38.8	3
38.9	3
39	3
39.1	3
39.2	3
39.3	3
39.4	3
39.5	3
39.6	3
39.7	3
39.8	3
39.9	3
40	3
40.1	3
40.2	3
40.3	3
40.4	3
40.5	3
40.6	3
40.7	3
40.8	3
40.9	3
41	3
41.1	3
41.2	3
41.3	3
41.4	3
41.5	3
41.6	3
41.7	3
41.8	3
41.9	3
42	3
42.1	3
42.2	3
42.3	3
42.4	3
42.5	3
42.6	3
42.7	3
42.8	3
42.9	3
43	3
43.1	3
43.2	3
43.3	3
43.4	3
43.5	3
43.6	3
43.7	3
43.8	3
43.9	3
44	3
44.1	3
44.2	3
44.3	3
44.4	3
44.5	3
44.6	3
44.7	3
44.8	3
44.9	3
45	3
45.1	3
45.2	3
45.3	3
45.4	3
45.5	3
45.6	3
45.7	3
45.8	3
45.9	3
46	3
46.1	3
46.2	3
46.3	3
46.4	3
46.5	3
46.6	3
46.7	3
46.8	3
46.9	3
47	3
47.1	3
47.2	3
47.3	3
47.4	3
47.5	3
47.6	3
47.7	3
47.8	3
47.9	3
48	3
48.1	3
48.2	3
48.3	3
48.4	3
48.5	3
48.6	3
48.7	3
48.8	3
48.9	3
49	3
49.1	3
49.2	3
49.3	3
49.4	3
49.5	3
49.6	3
49.7	3
49.8	3
49.9	3
50	3
50.1	3
50.2	3
50.3	3
50.4	3
50.5	3
50.6	3
50.7	3
50.8	3
50.9	3
51	3
51.1	3
51.2	3
51.3	3
51.4	3
51.5	3
51.6	3
51.7	3
51.8	3
51.9	3
52	3
52.1	3
52.2	3
52.3	3
52.4	3
52.5	3
52.6	3
52.7	3
52.8	3
52.9	3
53	3
53.1	3
53.2	3
53.3	3
53.4	3
53.5	3
53.6	3
53.7	3
53.8	3
53.9	3
54	3
54.1	3
54.2	3
54.3	3
54.4	3
54.5	3
54.6	3
54.7	3
54.8	3
54.9	3
55	3
55.1	3
55.2	3
55.3	3
55.4	3
55.5	3
55.6	3
55.7	3
55.8	3
55.9	3
56	3
56.1	3
56.2	3
56.3	3
56.4	3
56.5	3
56.6	3
56.7	3
56.8	3
56.9	3
57	3
57.1	3
57.2	3
57.3	3
57.4	3
57.5	3
57.6	3
57.7	3
57.8	3
57.9	3
58	3
58.1	3
58.2	3
58.3	3
58.4	3
58.5	3
58.6	3
58.7	3
58.8	3
58.9	3
59	3
59.1	3
59.2	3
59.3	3
59.4	3
59.5	3
59.6	3
59.7	3
59.8	3
59.9	3
60	3
60.1	3
60.2	3
60.3	3
60.4	3
60.5	3
60.6	3
60.7	3
60.8	3
60.9	3
61	3
61.1	3
61.2	3
61.3	3
61.4	3
61.5	3
61.6	3
61.7	3
61.8	3
61.9	3
62	3
62.1	3
62.2	3
62.3	3
62.4	3
62.5	3
62.6	3
62.7	3
62.8	3
62.9	3
63	3
63.1	3
63.2	3
63.3	3
63.4	3
63.5	3
63.6	3
63.7	3
63.8	3
63.9	3
64	3
64.1	3
64.2	3
64.3	3
64.4	3
64.5	3
64.6	3
64.7	3
64.8	3
64.9	3
65	3
65.1	3
65.2	3
65.3	3
65.4	3
65.5	3
65.6	3
65.7	3
65.8	3
65.9	3
66	3
66.1	3
66.2	3
66.3	3
66.4	3
66.5	3
66.6	3
66.7	3
66.8	3
66.9	3
67	3
67.1	3
67.2	3
67.3	3
67.4	3
67.5	3
67.6	3
67.7	3
67.8	3
67.9	3
68	3
68.1	3
68.2	3
68.3	3
68.4	3
68.5	3
68.6	3
68.7	3
68.8	3
68.9	3
69	3
69.1	3
69.2	3
69.3	3
69.4	3
69.5	3
69.6	3
69.7	3
69.8	3
69.9	3
70	3
70.1	3
70.2	3
70.3	3
70.4	3
70.5	3
70.6	3
70.7	3
70.8	3
70.9	3
71	3
71.1	3
71.2	3
71.3	3
71.4	3
71.5	3
71.6	3
71.7	3
71.8	3
71.9	3
72	3
72.1	3
72.2	3
72.3	3
72.4	3
72.5	3
72.6	3
72.7	3
72.8	3
72.9	3
73	3
73.1	3
73.2	3
73.3	3
73.4	3
73.5	3
73.6	3
73.7	3
73.8	3
73.9	3
74	3
74.1	3
74.2	3
74.3	3
74.4	3
74.5	3
74.6	3
74.7	3
74.8	3
74.9	3
75	3
75.1	3
75.2	3
75.3	3
75.4	3
75.5	3
75.6	3
75.7	3
75.8	3
75.9	3
76	3
76.1	3
76.2	3
76.3	3
76.4	3
76.5	3
76.6	3
76.7	3
76.8	3
76.9	3
77	3
77.1	3
77.2	3
77.3	3
77.4	3
77.5	3
77.6	3
77.7	3
77.8	3
77.9	3
78	3
78.1	3
78.2	3
78.3	3
78.4	3
78.5	3
78.6	3
78.7	3
78.8	3
78.9	3
79	3
79.1	3
79.2	3
79.3	3
79.4	3
79.5	3
79.6	3
79.7	3
79.8	3
79.9	3
80	3
80.1	3
80.2	3
80.3	3
80.4	3
80.5	3
80.6	3
80.7	3
80.8	3
80.9	3
81	3
81.1	3
81.2	3
81.3	3
81.4	3
81.5	3
81.6	3
81.7	3
81.8	3
81.9	3
82	3
82.1	3
82.2	3
82.3	3
82.4	3
82.5	3
82.6	3
82.7	3
82.8	3
82.9	3
83	3
83.1	3
83.2	3
83.3	3
83.4	3
83.5	3
83.6	3
83.7	3
83.8	3
83.9	3
84	3
84.1	3
84.2	3
84.3	3
84.4	3
84.5	3
84.6	3
84.7	3
84.8	3
84.9	3
85	3
85.1	3
85.2	3
85.3	3
85.4	3
85.5	3
85.6	3
85.7	3
85.8	3
85.9	3
86	3
86.1	3
86.2	3
86.3	3
86.4	3
86.5	3
86.6	3
86.7	3
86.8	3
86.9	3
87	3
87.1	3
87.2	3
87.3	3
87.4	3
87.5	3
87.6	3
87.7	3
87.8	3
87.9	3
88	3
88.1	3
88.2	3
88.3	3
88.4	3
88.5	3
88.6	3
88.7	3
88.8	3
88.9	3
89	3
89.1	3
89.2	3
89.3	3
89.4	3
89.5	3
89.6	3
89.7	3
89.8	3
89.9	3
90	3
90.1	3
90.2	3
90.3	3
90.4	3
90.5	3
90.6	3
90.7	3
90.8	3
90.9	3
91	3
91.1	3
91.2	3
91.3	3
91.4	3
91.5	3
91.6	3
91.7	3
91.8	3
91.9	3
92	3
92.1	3
92.2	3
92.3	3
92.4	3
92.5	3
92.6	3
92.7	3
92.8	3
92.9	3
93	3
93.1	3
93.2	3
93.3	3
93.4	3
93.5	3
93.6	3
93.7	3
93.8	3
93.9	3
94	3
94.1	3
94.2	3
94.3	3
94.4	3
94.5	3
94.6	3
94.7	3
94.8	3
94.9	3
95	3
95.1	3
95.2	3
95.3	3
95.4	3
95.5	3
95.6	3
95.7	3
95.8	3
95.9	3
96	3
96.1	3
96.2	3
96.3	3
96.4	3
96.5	3
96.6	3
96.7	3
96.8	3
96.9	3
97	3
97.1	3
97.2	3
97.3	3
97.4	3
97.5	3
97.6	3
97.7	3
97.8	3
97.9	3
98	3
98.1	3
98.2	3
98.3	3
98.4	3
98.5	3
98.6	3
98.7	3
98.8	3
98.9	3
99	3
99.1	3
99.2	3
99.3	3
99.4	3
99.5	3
99.6	3
99.7	3
99.8	3
99.9	3
100	3
100.1	3
100.2	3
100.3	3
100.4	3
100.5	3
100.6	3
100.7	3
100.8	3
100.9	3
101	3
101.1	3
101.2	3
101.3	3
101.4	3
101.5	3
101.6	3
101.7	3
101.8	3
101.9	3
102	3
102.1	3
102.2	3
102.3	3
102.4	3
102.5	3
102.6	3
102.7	3
102.8	3
102.9	3
103	3
103.1	3
103.2	3
103.3	3
103.4	3
103.5	3
103.6	3
103.7	3
103.8	3
103.9	3
104	3
104.1	3
104.2	3
104.3	3
104.4	3
104.5	3
104.6	3
104.7	3
104.8	3
104.9	3
105	3
105.1	3
105.2	3
105.3	3
105.4	3
105.5	3
105.6	3
105.7	3
105.8	3
105.9	3
106	3
106.1	3
106.2	3
106.3	3
106.4	3
106.5	3
106.6	3
106.7	3
106.8	3
106.9	3
107	3
107.1	3
107.2	3
107.3	3
107.4	3
107.5	3
107.6	3
107.7	3
107.8	3
107.9	3
108	3
108.1	3
108.2	3
108.3	3
108.4	3
108.5	3
108.6	3
108.7	3
108.8	3
108.9	3
109	3
109.1	3
109.2	3
109.3	3
109.4	3
109.5	3
109.6	3
109.7	3
109.8	3
109.9	3
110	3
110.1	3
110.2	3
110.3	3
110.4	3
110.5	3
110.6	3
110.7	3
110.8	3
110.9	3
111	3
111.1	3
111.2	3
111.3	3
111.4	3
111.5	3
111.6	3
111.7	3
111.8	3
111.9	3
112	3
112.1	3
112.2	3
112.3	3
112.4	3
112.5	3
112.6	3
112.7	3
112.8	3
112.9	3
113	3
113.1	3
113.2	3
113.3	3
113.4	3
113.5	3
113.6	3
113.7	3
113.8	3
113.9	3
114	3
114.1	3
114.2	3
114.3	3
114.4	3
114.5	3
114.6	3
114.7	3
114.8	3
114.9	3
115	3
115.1	3
115.2	3
115.3	3
115.4	3
115.5	3
115.6	3
115.7	3
115.8	3
115.9	3
116	3
116.1	3
116.2	3
116.3	3
116.4	3
116.5	3
116.6	3
116.7	3
116.8	3
116.9	3
117	3
117.1	3
117.2	3
117.3	3
117.4	3
117.5	3
117.6	3
117.7	3
117.8	3
117.9	3
118	3
118.1	3
118.2	3
118.3	3
118.4	3
118.5	3
118.6	3
118.7	3
118.8	3
118.9	3
119	3
119.1	3
119.2	3
119.3	3
119.4	3
119.5	3
119.6	3
119.7	3
119.8	3
119.9	3
120	3
120.1	3
120.2	3
120.3	3
120.4	3
120.5	3
120.6	3
120.7	3
120.8	3
120.9	3
121	3
121.1	3
121.2	3
121.3	3
121.4	3
121.5	3
121.6	3
121.7	3
121.8	3
121.9	3
122	3
122.1	3
122.2	3
122.3	3
122.4	3
122.5	3
122.6	3
122.7	3
122.8	3
122.9	3
123	3
123.1	3
123.2	3
123.3	3
123.4	3
123.5	3
123.6	3
123.7	3
123.8	3
123.9	3
124	3
124.1	3
124.2	3
124.3	3
124.4	3
124.5	3
124.6	3
124.7	3
124.8	3
124.9	3
125	3
125.1	3
125.2	3
125.3	3
125.4	3
125.5	3
125.6	3
125.7	3
125.8	3
125.9	3
126	3
126.1	3
126.2	3
126.3	3
126.4	3
126.5	3
126.6	3
126.7	3
126.8	3
126.9	3
127	3
127.1	3
127.2	3
127.3	3
127.4	3
127.5	3
127.6	3
127.7	3
127.8	3
127.9	3
128	3
128.1	3
128.2	3
128.3	3
128.4	3
128.5	3
128.6	3
128.7	3
128.8	3
128.9	3
129	3
129.1	3
129.2	3
129.3	3
129.4	3
129.5	3
129.6	3
129.7	3
129.8	3
129.9	3
130	3
130.1	3
130.2	3
130.3	3
130.4	3
130.5	3
130.6	3
130.7	3
130.8	3
130.9	3
131	3
131.1	3
131.2	3
131.3	3
131.4	3
131.5	3
131.6	3
131.7	3
131.8	3
131.9	3
132	3
132.1	3
132.2	3
132.3	3
132.4	3
132.5	3
132.6	3
132.7	3
132.8	3
132.9	3
133	3
133.1	3
133.2	3
133.3	3
133.4	3
133.5	3
133.6	3
133.7	3
133.8	3
133.9	3
134	3
134.1	3
134.2	3
134.3	3
134.4	3
134.5	3
134.6	3
134.7	3
134.8	3
134.9	3
135	3
135.1	3
135.2	3
135.3	3
135.4	3
135.5	3
135.6	3
135.7	3
135.8	3
135.9	3
136	3
136.1	3
136.2	3
136.3	3
136.4	3
136.5	3
136.6	3
136.7	3
136.8	3
136.9	3
137	3
137.1	3
137.2	3
137.3	3
137.4	3
137.5	3
137.6	3
137.7	3
137.8	3
137.9	3
138	3
138.1	3
138.2	3
138.3	3
138.4	3
138.5	3
138.6	3
138.7	3
138.8	3
138.9	3
139	3
139.1	3
139.2	3
139.3	3
139.4	3
139.5	3
139.6	3
139.7	3
139.8	3
139.9	3
140	3
140.1	3
140.2	3
140.3	3
140.4	3
140.5	3
140.6	3
140.7	3
140.8	3
140.9	3
141	3
141.1	3
141.2	3
141.3	3
141.4	3
141.5	3
141.6	3
141.7	3
141.8	3
141.9	3
142	3
142.1	3
142.2	3
142.3	3
142.4	3
142.5	3
142.6	3
142.7	3
142.8	3
142.9	3
143	3
143.1	3
143.2	3
143.3	3
143.4	3
143.5	3
143.6	3
143.7	3
143.8	3
143.9	3
144	3
144.1	3
144.2	3
144.3	3
144.4	3
144.5	3
144.6	3
144.7	3
144.8	3
144.9	3
145	3
145.1	3
145.2	3
145.3	3
145.4	3
145.5	3
145.6	3
145.7	3
145.8	3
145.9	3
146	3
146.1	3
146.2	3
146.3	3
146.4	3
146.5	3
146.6	3
146.7	3
146.8	3
146.9	3
147	3
147.1	3
147.2	3
147.3	3
147.4	3
147.5	3
147.6	3
147.7	3
147.8	3
147.9	3
148	3
148.1	3
148.2	3
148.3	3
148.4	3
148.5	3
148.6	3
148.7	3
148.8	3
148.9	3
149	3
149.1	3
149.2	3
149.3	3
149.4	3
149.5	3
149.6	3
149.7	3
149.8	3
149.9	3
150	3
150.1	3
150.2	3
150.3	3
150.4	3
150.5	3
150.6	3
150.7	3
150.8	3
150.9	3
151	3
151.1	3
151.2	3
151.3	3
151.4	3
151.5	3
151.6	3
151.7	3
151.8	3
151.9	3
152	3
152.1	3
152.2	3
152.3	3
152.4	3
152.5	3
152.6	3
152.7	3
152.8	3
152.9	3
153	3
153.1	3
153.2	3
153.3	3
153.4	3
153.5	3
153.6	3
153.7	3
153.8	3
153.9	3
154	3
154.1	3
154.2	3
154.3	3
154.4	3
154.5	3
154.6	3
154.7	3
154.8	3
154.9	3
155	3
155.1	3
155.2	3
155.3	3
155.4	3
155.5	3
155.6	3
155.7	3
155.8	3
155.9	3
156	3
156.1	3
156.2	3
156.3	3
156.4	3
156.5	3
156.6	3
156.7	3
156.8	3
156.9	3
157	3
157.1	3
157.2	3
157.3	3
157.4	3
157.5	3
157.6	3
157.7	3
157.8	3
157.9	3
158	3
158.1	3
158.2	3
158.3	3
158.4	3
158.5	3
158.6	3
158.7	3
158.8	3
158.9	3
159	3
159.1	3
159.2	3
159.3	3
159.4	3
159.5	3
159.6	3
159.7	3
159.8	3
159.9	3
160	3
160.1	3
160.2	3
160.3	3
160.4	3
160.5	3
160.6	3
160.7	3
160.8	3
160.9	3
161	3
161.1	3
161.2	3
161.3	3
161.4	3
161.5	3
161.6	3
161.7	3
161.8	3
161.9	3
162	3
162.1	3
162.2	3
162.3	3
162.4	3
162.5	3
162.6	3
162.7	3
162.8	3
162.9	3
163	3
163.1	3
163.2	3
163.3	3
163.4	3
163.5	3
163.6	3
163.7	3
163.8	3
163.9	3
164	3
164.1	3
164.2	3
164.3	3
164.4	3
164.5	3
164.6	3
164.7	3
164.8	3
164.9	3
165	3
165.1	3
165.2	3
165.3	3
165.4	3
165.5	3
165.6	3
165.7	3
165.8	3
165.9	3
166	3
166.1	3
166.2	3
166.3	3
166.4	3
166.5	3
166.6	3
166.7	3
166.8	3
166.9	3
167	3
167.1	3
167.2	3
167.3	3
167.4	3
167.5	3
167.6	3
167.7	3
167.8	3
167.9	3
168	3
168.1	3
168.2	3
168.3	3
168.4	3
168.5	3
168.6	3
168.7	3
168.8	3
168.9	3
169	3
169.1	3
169.2	3
169.3	3
169.4	3
169.5	3
169.6	3
169.7	3
169.8	3
169.9	3
170	3
170.1	3
170.2	3
170.3	3
170.4	3
170.5	3
170.6	3
170.7	3
170.8	3
170.9	3
171	3
171.1	3
171.2	3
171.3	3
171.4	3
171.5	3
171.6	3
171.7	3
171.8	3
171.9	3
172	3
172.1	3
172.2	3
172.3	3
172.4	3
172.5	3
172.6	3
172.7	3
172.8	3
172.9	3
173	3
173.1	3
173.2	3
173.3	3
173.4	3
173.5	3
173.6	3
173.7	3
173.8	3
173.9	3
174	3
174.1	3
174.2	3
174.3	3
174.4	3
174.5	3
174.6	3
174.7	3
174.8	3
174.9	3
175	3
175.1	3
175.2	3
175.3	3
175.4	3
175.5	3
175.6	3
175.7	3
175.8	3
175.9	3
176	3
176.1	3
176.2	3
176.3	3
176.4	3
176.5	3
176.6	3
176.7	3
176.8	3
176.9	3
177	3
177.1	3
177.2	3
177.3	3
177.4	3
177.5	3
177.6	3
177.7	3
177.8	3
177.9	3
178	3
178.1	3
178.2	3
178.3	3
178.4	3
178.5	3
178.6	3
178.7	3
178.8	3
178.9	3
179	3
179.1	3
179.2	3
179.3	3
179.4	3
179.5	3
179.6	3
179.7	3
179.8	3
179.9	3
180	3
180.1	3
180.2	3
180.3	3
180.4	3
180.5	3
180.6	3
180.7	3
180.8	3
180.9	3
181	3
181.1	3
181.2	3
181.3	3
181.4	3
181.5	3
181.6	3
181.7	3
181.8	3
181.9	3
182	3
182.1	3
182.2	3
182.3	3
182.4	3
182.5	3
182.6	3
182.7	3
182.8	3
182.9	3
183	3
183.1	3
183.2	3
183.3	3
183.4	3
183.5	3
183.6	3
183.7	3
183.8	3
183.9	3
184	3
184.1	3
184.2	3
184.3	3
184.4	3
184.5	3
184.6	3
184.7	3
184.8	3
184.9	3
185	3
185.1	3
185.2	3
185.3	3
185.4	3
185.5	3
185.6	3
185.7	3
185.8	3
185.9	3
186	3
186.1	3
186.2	3
186.3	3
186.4	3
186.5	3
186.6	3
186.7	3
186.8	3
186.9	3
187	3
187.1	3
187.2	3
187.3	3
187.4	3
187.5	3
187.6	3
187.7	3
187.8	3
187.9	3
188	3
188.1	3
188.2	3
188.3	3
188.4	3
188.5	3
188.6	3
188.7	3
188.8	3
188.9	3
189	3
189.1	3
189.2	3
189.3	3
189.4	3
189.5	3
189.6	3
189.7	3
189.8	3
189.9	3
190	3
190.1	3
190.2	3
190.3	3
190.4	3
190.5	3
190.6	3
190.7	3
190.8	3
190.9	3
191	3
191.1	3
191.2	3
191.3	3
191.4	3
191.5	3
191.6	3
191.7	3
191.8	3
191.9	3
192	3
192.1	3
192.2	3
192.3	3
192.4	3
192.5	3
192.6	3
192.7	3
192.8	3
192.9	3
193	3
193.1	3
193.2	3
193.3	3
193.4	3
193.5	3
193.6	3
193.7	3
193.8	3
193.9	3
194	3
194.1	3
194.2	3
194.3	3
194.4	3
194.5	3
194.6	3
194.7	3
194.8	3
194.9	3
195	3
195.1	3
195.2	3
195.3	3
195.4	3
195.5	3
195.6	3
195.7	3
195.8	3
195.9	3
196	3
196.1	3
196.2	3
196.3	3
196.4	3
196.5	3
196.6	3
196.7	3
196.8	3
196.9	3
197	3
197.1	3
197.2	3
197.3	3
197.4	3
197.5	3
197.6	3
197.7	3
197.8	3
197.9	3
198	3
198.1	3
198.2	3
198.3	3
198.4	3
198.5	3
198.6	3
198.7	3
198.8	3
198.9	3
199	3
199.1	3
199.2	3
199.3	3
199.4	3
199.5	3
199.6	3
199.7	3
199.8	3
199.9	3
200	3
200.1	3
200.2	3
200.3	3
200.4	3
200.5	3
200.6	3
200.7	3
200.8	3
200.9	3
201	3
201.1	3
201.2	3
201.3	3
201.4	3
201.5	3
201.6	3
201.7	3
201.8	3
201.9	3
202	3
202.1	3
202.2	3
202.3	3
202.4	3
202.5	3
202.6	3
202.7	3
202.8	3
202.9	3
203	3
203.1	3
203.2	3
203.3	3
203.4	3
203.5	3
203.6	3
203.7	3
203.8	3
203.9	3
204	3
204.1	3
204.2	3
204.3	3
204.4	3
204.5	3
204.6	3
204.7	3
204.8	3
204.9	3
205	3
205.1	3
205.2	3
205.3	3
205.4	3
205.5	3
205.6	3
205.7	3
205.8	3
205.9	3
206	3
206.1	3
206.2	3
206.3	3
206.4	3
206.5	3
206.6	3
206.7	3
206.8	3
206.9	3
207	3
207.1	3
207.2	3
207.3	3
207.4	3
207.5	3
207.6	3
207.7	3
207.8	3
207.9	3
208	3
208.1	3
208.2	3
208.3	3
208.4	3
208.5	3
208.6	3
208.7	3
208.8	3
208.9	3
209	3
209.1	3
209.2	3
209.3	3
209.4	3
209.5	3
209.6	3
209.7	3
209.8	3
209.9	3
210	3
210.1	3
210.2	3
210.3	3
210.4	3
210.5	3
210.6	3
210.7	3
210.8	3
210.9	3
211	3
211.1	3
211.2	3
211.3	3
211.4	3
211.5	3
211.6	3
211.7	3
211.8	3
211.9	3
212	3
212.1	3
212.2	3
212.3	3
212.4	3
212.5	3
212.6	3
212.7	3
212.8	3
212.9	3
213	3
213.1	3
213.2	3
213.3	3
213.4	3
213.5	3
213.6	3
213.7	3
213.8	3
213.9	3
214	3
214.1	3
214.2	3
214.3	3
214.4	3
214.5	3
214.6	3
214.7	3
214.8	3
214.9	3
215	3
215.1	3
215.2	3
215.3	3
215.4	3
215.5	3
215.6	3
215.7	3
215.8	3
215.9	3
216	3
216.1	3
216.2	3
216.3	3
216.4	3
216.5	3
216.6	3
216.7	3
216.8	3
216.9	3
217	3
217.1	3
217.2	3
217.3	3
217.4	3
217.5	3
217.6	3
217.7	3
217.8	3
217.9	3
218	3
218.1	3
218.2	3
218.3	3
218.4	3
218.5	3
218.6	3
218.7	3
218.8	3
218.9	3
219	3
219.1	3
219.2	3
219.3	3
219.4	3
219.5	3
219.6	3
219.7	3
219.8	3
219.9	3
220	3
220.1	3
220.2	3
220.3	3
220.4	3
220.5	3
220.6	3
220.7	3
220.8	3
220.9	3
221	3
221.1	3
221.2	3
221.3	3
221.4	3
221.5	3
221.6	3
221.7	3
221.8	3
221.9	3
222	3
222.1	3
222.2	3
222.3	3
222.4	3
222.5	3
222.6	3
222.7	3
222.8	3
222.9	3
223	3
223.1	3
223.2	3
223.3	3
223.4	3
223.5	3
223.6	3
223.7	3
223.8	3
223.9	3
224	3
224.1	3
224.2	3
224.3	3
224.4	3
224.5	3
224.6	3
224.7	3
224.8	3
224.9	3
225	3
225.1	3
225.2	3
225.3	3
225.4	3
225.5	3
225.6	3
225.7	3
225.8	3
225.9	3
226	3
226.1	3
226.2	3
226.3	3
226.4	3
226.5	3
226.6	3
226.7	3
226.8	3
226.9	3
227	3
227.1	3
227.2	3
227.3	3
227.4	3
227.5	3
227.6	3
227.7	3
227.8	3
227.9	3
228	3
228.1	3
228.2	3
228.3	3
228.4	3
228.5	3
228.6	3
228.7	3
228.8	3
228.9	3
229	3
229.1	3
229.2	3
229.3	3
229.4	3
229.5	3
229.6	3
229.7	3
229.8	3
229.9	3
230	3
230.1	3
230.2	3
230.3	3
230.4	3
230.5	3
230.6	3
230.7	3
230.8	3
230.9	3
231	3
231.1	3
231.2	3
231.3	3
231.4	3
231.5	3
231.6	3
231.7	3
231.8	3
231.9	3
232	3
232.1	3
232.2	3
232.3	3
232.4	3
232.5	3
232.6	3
232.7	3
232.8	3
232.9	3
233	3
233.1	3
233.2	3
233.3	3
233.4	3
233.5	3
233.6	3
233.7	3
233.8	3
233.9	3
234	3
234.1	3
234.2	3
234.3	3
234.4	3
234.5	3
234.6	3
234.7	3
234.8	3
234.9	3
235	3
235.1	3
235.2	3
235.3	3
235.4	3
235.5	3
235.6	3
235.7	3
235.8	3
235.9	3
236	3
236.1	3
236.2	3
236.3	3
236.4	3
236.5	3
236.6	3
236.7	3
236.8	3
236.9	3
237	3
237.1	3
237.2	3
237.3	3
237.4	3
237.5	3
237.6	3
237.7	3
237.8	3
237.9	3
238	3
238.1	3
238.2	3
238.3	3
238.4	3
238.5	3
238.6	3
238.7	3
238.8	3
238.9	3
239	3
239.1	3
239.2	3
239.3	3
239.4	3
239.5	3
239.6	3
239.7	3
239.8	3
239.9	3
240	3
240.1	3
240.2	3
240.3	3
240.4	3
240.5	3
240.6	3
240.7	3
240.8	3
240.9	3
241	3
241.1	3
241.2	3
241.3	3
241.4	3
241.5	3
241.6	3
241.7	3
241.8	3
241.9	3
242	3
242.1	3
242.2	3
242.3	3
242.4	3
242.5	3
242.6	3
242.7	3
242.8	3
242.9	3
243	3
243.1	3
243.2	3
243.3	3
243.4	3
243.5	3
243.6	3
243.7	3
243.8	3
243.9	3
244	3
244.1	3
244.2	3
244.3	3
244.4	3
244.5	3
244.6	3
244.7	3
244.8	3
244.9	3
245	3
245.1	3
245.2	3
245.3	3
245.4	3
245.5	3
245.6	3
245.7	3
245.8	3
245.9	3
246	3
246.1	3
246.2	3
246.3	3
246.4	3
246.5	3
246.6	3
246.7	3
246.8	3
246.9	3
247	3
247.1	3
247.2	3
247.3	3
247.4	3
247.5	3
247.6	3
247.7	3
247.8	3
247.9	3
248	3
248.1	3
248.2	3
248.3	3
248.4	3
248.5	3
248.6	3
248.7	3
248.8	3
248.9	3
249	3
249.1	3
249.2	3
249.3	3
249.4	3
249.5	3
249.6	3
249.7	3
249.8	3
249.9	3
250	3
250.1	3
250.2	3
250.3	3
250.4	3
250.5	3
250.6	3
250.7	3
250.8	3
250.9	3
251	3
251.1	3
251.2	3
251.3	3
251.4	3
251.5	3
251.6	3
251.7	3
251.8	3
251.9	3
252	3
252.1	3
252.2	3
252.3	3
252.4	3
252.5	3
252.6	3
252.7	3
252.8	3
252.9	3
253	3
253.1	3
253.2	3
253.3	3
253.4	3
253.5	3
253.6	3
253.7	3
253.8	3
253.9	3
254	3
254.1	3
254.2	3
254.3	3
254.4	3
254.5	3
254.6	3
254.7	3
254.8	3
254.9	3
255	3
255.1	3
255.2	3
255.3	3
255.4	3
255.5	3
255.6	3
255.7	3
255.8	3
255.9	3
256	3
256.1	3
256.2	3
256.3	3
256.4	3
256.5	3
256.6	3
256.7	3
256.8	3
256.9	3
257	3
257.1	3
257.2	3
257.3	3
257.4	3
257.5	3
257.6	3
257.7	3
257.8	3
257.9	3
258	3
258.1	3
258.2	3
258.3	3
258.4	3
258.5	3
258.6	3
258.7	3
258.8	3
258.9	3
259	3
259.1	3
259.2	3
259.3	3
259.4	3
259.5	3
259.6	3
259.7	3
259.8	3
259.9	3
260	3
260.1	3
260.2	3
260.3	3
260.4	3
260.5	3
260.6	3
260.7	3
260.8	3
260.9	3
261	3
261.1	3
261.2	3
261.3	3
261.4	3
261.5	3
261.6	3
261.7	3
261.8	3
261.9	3
262	3
262.1	3
262.2	3
262.3	3
262.4	3
262.5	3
262.6	3
262.7	3
262.8	3
262.9	3
263	3
263.1	3
263.2	3
263.3	3
263.4	3
263.5	3
263.6	3
263.7	3
263.8	3
263.9	3
264	3
264.1	3
264.2	3
264.3	3
264.4	3
264.5	3
264.6	3
264.7	3
264.8	3
264.9	3
265	3
265.1	3
265.2	3
265.3	3
265.4	3
265.5	3
265.6	3
265.7	3
265.8	3
265.9	3
266	3
266.1	3
266.2	3
266.3	3
266.4	3
266.5	3
266.6	3
266.7	3
266.8	3
266.9	3
267	3
267.1	3
267.2	3
267.3	3
267.4	3
267.5	3
267.6	3
267.7	3
267.8	3
267.9	3
268	3
268.1	3
268.2	3
268.3	3
268.4	3
268.5	3
268.6	3
268.7	3
268.8	3
268.9	3
269	3
269.1	3
269.2	3
269.3	3
269.4	3
269.5	3
269.6	3
269.7	3
269.8	3
269.9	3
270	3
270.1	3
270.2	3
270.3	3
270.4	3
270.5	3
270.6	3
270.7	3
270.8	3
270.9	3
271	3
271.1	3
271.2	3
271.3	3
271.4	3
271.5	3
271.6	3
271.7	3
271.8	3
271.9	3
272	3
272.1	3
272.2	3
272.3	3
272.4	3
272.5	3
272.6	3
272.7	3
272.8	3
272.9	3
273	3
273.1	3
273.2	3
273.3	3
273.4	3
273.5	3
273.6	3
273.7	3
273.8	3
273.9	3
274	3
274.1	3
274.2	3
274.3	3
274.4	3
274.5	3
274.6	3
274.7	3
274.8	3
274.9	3
275	3
275.1	3
275.2	3
275.3	3
275.4	3
275.5	3
275.6	3
275.7	3
275.8	3
275.9	3
276	3
276.1	3
276.2	3
276.3	3
276.4	3
276.5	3
276.6	3
276.7	3
276.8	3
276.9	3
277	3
277.1	3
277.2	3
277.3	3
277.4	3
277.5	3
277.6	3
277.7	3
277.8	3
277.9	3
278	3
278.1	3
278.2	3
278.3	3
278.4	3
278.5	3
278.6	3
278.7	3
278.8	3
278.9	3
279	3
279.1	3
279.2	3
279.3	3
279.4	3
279.5	3
279.6	3
279.7	3
279.8	3
279.9	3
280	3
280.1	3
280.2	3
280.3	3
280.4	3
280.5	3
280.6	3
280.7	3
280.8	3
280.9	3
281	3
281.1	3
281.2	3
281.3	3
281.4	3
281.5	3
281.6	3
281.7	3
281.8	3
281.9	3
282	3
282.1	3
282.2	3
282.3	3
282.4	3
282.5	3
282.6	3
282.7	3
282.8	3
282.9	3
283	3
283.1	3
283.2	3
283.3	3
283.4	3
283.5	3
283.6	3
283.7	3
283.8	3
283.9	3
284	3
284.1	3
284.2	3
284.3	3
284.4	3
284.5	3
284.6	3
284.7	3
284.8	3
284.9	3
285	3
285.1	3
285.2	3
285.3	3
285.4	3
285.5	3
285.6	3
285.7	3
285.8	3
285.9	3
286	3
286.1	3
286.2	3
286.3	3
286.4	3
286.5	3
286.6	3
286.7	3
286.8	3
286.9	3
287	3
287.1	3
287.2	3
287.3	3
287.4	3
287.5	3
287.6	3
287.7	3
287.8	3
287.9	3
288	3
288.1	3
288.2	3
288.3	3
288.4	3
288.5	3
288.6	3
288.7	3
288.8	3
288.9	3
289	3
289.1	3
289.2	3
289.3	3
289.4	3
289.5	3
289.6	3
289.7	3
289.8	3
289.9	3
290	3
290.1	3
290.2	3
290.3	3
290.4	3
290.5	3
290.6	3
290.7	3
290.8	3
290.9	3
291	3
291.1	3
291.2	3
291.3	3
291.4	3
291.5	3
291.6	3
291.7	3
291.8	3
291.9	3
292	3
292.1	3
292.2	3
292.3	3
292.4	3
292.5	3
292.6	3
292.7	3
292.8	3
292.9	3
293	3
293.1	3
293.2	3
293.3	3
293.4	3
293.5	3
293.6	3
293.7	3
293.8	3
293.9	3
294	3
294.1	3
294.2	3
294.3	3
294.4	3
294.5	3
294.6	3
294.7	3
294.8	3
294.9	3
295	3
295.1	3
295.2	3
295.3	3
295.4	3
295.5	3
295.6	3
295.7	3
295.8	3
295.9	3
296	3
296.1	3
296.2	3
296.3	3
296.4	3
296.5	3
296.6	3
296.7	3
296.8	3
296.9	3
297	3
297.1	3
297.2	3
297.3	3
297.4	3
297.5	3
297.6	3
297.7	3
297.8	3
297.9	3
298	3
298.1	3
298.2	3
298.3	3
298.4	3
298.5	3
298.6	3
298.7	3
298.8	3
298.9	3
299	3
299.1	3
299.2	3
299.3	3
299.4	3
299.5	3
299.6	3
299.7	3
299.8	3
299.9	3
300	3
300.1	3
300.2	3
300.3	3
300.4	3
300.5	3
300.6	3
300.7	3
300.8	3
300.9	3
301	3
301.1	3
301.2	3
301.3	3
301.4	3
301.5	3
301.6	3
301.7	3
301.8	3
301.9	3
302	3
302.1	3
302.2	3
302.3	3
302.4	3
302.5	3
302.6	3
302.7	3
302.8	3
302.9	3
303	3
303.1	3
303.2	3
303.3	3
303.4	3
303.5	3
303.6	3
303.7	3
303.8	3
303.9	3
304	3
304.1	3
304.2	3
304.3	3
304.4	3
304.5	3
304.6	3
304.7	3
304.8	3
304.9	3
305	3
305.1	3
305.2	3
305.3	3
305.4	3
305.5	3
305.6	3
305.7	3
305.8	3
305.9	3
306	3
306.1	3
306.2	3
306.3	3
306.4	3
306.5	3
306.6	3
306.7	3
306.8	3
306.9	3
307	3
307.1	3
307.2	3
307.3	3
307.4	3
307.5	3
307.6	3
307.7	3
307.8	3
307.9	3
308	3
308.1	3
308.2	3
308.3	3
308.4	3
308.5	3
308.6	3
308.7	3
308.8	3
308.9	3
309	3
309.1	3
309.2	3
309.3	3
309.4	3
309.5	3
309.6	3
309.7	3
309.8	3
309.9	3
310	3
310.1	3
310.2	3
310.3	3
310.4	3
310.5	3
310.6	3
310.7	3
310.8	3
310.9	3
311	3
311.1	3
311.2	3
311.3	3
311.4	3
311.5	3
311.6	3
311.7	3
311.8	3
311.9	3
312	3
312.1	3
312.2	3
312.3	3
312.4	3
312.5	3
312.6	3
312.7	3
312.8	3
312.9	3
313	3
313.1	3
313.2	3
313.3	3
313.4	3
313.5	3
313.6	3
313.7	3
313.8	3
313.9	3
314	3
314.1	3
314.2	3
314.3	3
314.4	3
314.5	3
314.6	3
314.7	3
314.8	3
314.9	3
315	3
315.1	3
315.2	3
315.3	3
315.4	3
315.5	3
315.6	3
315.7	3
315.8	3
315.9	3
316	3
316.1	3
316.2	3
316.3	3
316.4	3
316.5	3
316.6	3
316.7	3
316.8	3
316.9	3
317	3
317.1	3
317.2	3
317.3	3
317.4	3
317.5	3
317.6	3
317.7	3
317.8	3
317.9	3
318	3
318.1	3
318.2	3
318.3	3
318.4	3
318.5	3
318.6	3
318.7	3
318.8	3
318.9	3
319	3
319.1	3
319.2	3
319.3	3
319.4	3
319.5	3
319.6	3
319.7	3
319.8	3
319.9	3
320	3
320.1	3
320.2	3
320.3	3
320.4	3
320.5	3
320.6	3
320.7	3
320.8	3
320.9	3
321	3
321.1	3
321.2	3
321.3	3
321.4	3
321.5	3
321.6	3
321.7	3
321.8	3
321.9	3
322	3
322.1	3
322.2	3
322.3	3
322.4	3
322.5	3
322.6	3
322.7	3
322.8	3
322.9	3
323	3
323.1	3
323.2	3
323.3	3
323.4	3
323.5	3
323.6	3
323.7	3
323.8	3
323.9	3
324	3
324.1	3
324.2	3
324.3	3
324.4	3
324.5	3
324.6	3
324.7	3
324.8	3
324.9	3
325	3
325.1	3
325.2	3
325.3	3
325.4	3
325.5	3
325.6	3
325.7	3
325.8	3
325.9	3
326	3
326.1	3
326.2	3
326.3	3
326.4	3
326.5	3
326.6	3
326.7	3
326.8	3
326.9	3
327	3
327.1	3
327.2	3
327.3	3
327.4	3
327.5	3
327.6	3
327.7	3
327.8	3
327.9	3
328	3
328.1	3
328.2	3
328.3	3
328.4	3
328.5	3
328.6	3
328.7	3
328.8	3
328.9	3
329	3
329.1	3
329.2	3
329.3	3
329.4	3
329.5	3
329.6	3
329.7	3
329.8	3
329.9	3
330	3
330.1	3
330.2	3
330.3	3
330.4	3
330.5	3
330.6	3
330.7	3
330.8	3
330.9	3
331	3
331.1	3
331.2	3
331.3	3
331.4	3
331.5	3
331.6	3
331.7	3
331.8	3
331.9	3
332	3
332.1	3
332.2	3
332.3	3
332.4	3
332.5	3
332.6	3
332.7	3
332.8	3
332.9	3
333	3
333.1	3
333.2	3
333.3	3
333.4	3
333.5	3
333.6	3
333.7	3
333.8	3
333.9	3
334	3
334.1	3
334.2	3
334.3	3
334.4	3
334.5	3
334.6	3
334.7	3
334.8	4
334.9	4
335	4
335.1	4
335.2	4
335.3	4
335.4	4
335.5	3
335.6	4
335.7	4
335.8	3
335.9	4
336	4
336.1	3
336.2	4
336.3	4
336.4	4
336.5	4
336.6	4
336.7	4
336.8	4
336.9	4
337	4
337.1	4
337.2	4
337.3	4
337.4	4
337.5	4
337.6	4
337.7	4
337.8	4
337.9	4
338	4
338.1	4
338.2	4
338.3	4
338.4	4
338.5	4
338.6	4
338.7	4
338.8	4
338.9	4
339	4
339.1	4
339.2	4
339.3	4
339.4	4
339.5	4
339.6	4
339.7	4
339.8	4
339.9	4
340	4
340.1	4
340.2	4
340.3	4
340.4	4
340.5	4
340.6	4
340.7	4
340.8	4
340.9	4
341	4
341.1	4
341.2	4
341.3	4
341.4	4
341.5	4
341.6	4
341.7	4
341.8	4
341.9	4
342	4
342.1	4
342.2	4
342.3	4
342.4	4
342.5	4
342.6	4
342.7	4
342.8	4
342.9	4
343	4
343.1	4
343.2	4
343.3	4
343.4	4
343.5	4
343.6	4
343.7	4
343.8	4
343.9	4
344	4
344.1	4
344.2	4
344.3	4
344.4	4
344.5	4
344.6	4
344.7	4
344.8	4
344.9	4
345	4
345.1	4
345.2	4
345.3	4
345.4	4
345.5	4
345.6	4
345.7	4
345.8	4
345.9	4
346	4
346.1	4
346.2	4
346.3	4
346.4	4
346.5	4
346.6	4
346.7	4
346.8	4
346.9	4
347	4
347.1	4
347.2	4
347.3	4
347.4	4
347.5	4
347.6	4
347.7	4
347.8	4
347.9	4
348	4
348.1	4
348.2	4
348.3	4
348.4	4
348.5	4
348.6	4
348.7	4
348.8	4
348.9	4
349	4
349.1	4
349.2	4
349.3	4
349.4	4
349.5	4
349.6	4
349.7	4
349.8	4
349.9	4
350	4
350.1	4
350.2	4
350.3	4
350.4	4
350.5	4
350.6	4
350.7	4
350.8	4
350.9	4
351	4
351.1	4
351.2	4
351.3	4
351.4	4
351.5	4
351.6	4
351.7	4
351.8	4
351.9	4
352	4
352.1	4
352.2	4
352.3	4
352.4	4
352.5	4
352.6	4
352.7	4
352.8	4
352.9	4
353	4
353.1	4
353.2	4
353.3	4
353.4	4
353.5	4
353.6	4
353.7	4
353.8	4
353.9	4
354	4
354.1	4
354.2	4
354.3	4
354.4	4
354.5	4
354.6	4
354.7	4
354.8	4
354.9	4
355	4
355.1	4
355.2	4
355.3	4
355.4	4
355.5	4
355.6	4
355.7	4
355.8	4
355.9	4
356	4
356.1	4
356.2	4
356.3	4
356.4	4
356.5	4
356.6	4
356.7	4
356.8	4
356.9	4
357	4
357.1	4
357.2	4
357.3	4
357.4	4
357.5	4
357.6	4
357.7	4
357.8	4
357.9	4
358	4
358.1	4
358.2	4
358.3	4
358.4	4
358.5	4
358.6	4
358.7	4
358.8	4
358.9	4
359	4
359.1	4
359.2	4
359.3	4
359.4	4
359.5	4
359.6	4
359.7	4
359.8	4
359.9	4
360	4
360.1	4
360.2	4
360.3	4
360.4	4
360.5	4
360.6	4
360.7	4
360.8	4
360.9	4
361	4
361.1	4
361.2	4
361.3	4
361.4	4
361.5	4
361.6	4
361.7	4
361.8	4
361.9	4
362	4
362.1	4
362.2	4
362.3	4
362.4	4
362.5	4
362.6	4
362.7	4
362.8	4
362.9	4
363	4
363.1	4
363.2	4
363.3	4
363.4	4
363.5	4
363.6	4
363.7	4
363.8	4
363.9	4
364	4
364.1	4
364.2	4
364.3	4
364.4	4
364.5	4
364.6	4
364.7	4
364.8	4
364.9	4
365	4
365.1	4
365.2	4
365.3	4
365.4	4
365.5	4
365.6	4
365.7	4
365.8	4
365.9	4
366	4
366.1	4
366.2	4
366.3	4
366.4	4
366.5	4
366.6	4
366.7	4
366.8	4
366.9	4
367	4
367.1	4
367.2	4
367.3	4
367.4	4
367.5	4
367.6	4
367.7	4
367.8	4
367.9	4
368	4
368.1	4
368.2	4
368.3	4
368.4	4
368.5	4
368.6	4
368.7	4
368.8	4
368.9	4
369	4
369.1	4
369.2	4
369.3	4
369.4	4
369.5	4
369.6	4
369.7	4
369.8	4
369.9	4
370	4
370.1	4
370.2	4
370.3	4
370.4	4
370.5	4
370.6	4
370.7	4
370.8	4
370.9	4
371	4
371.1	4
371.2	4
371.3	4
371.4	4
371.5	4
371.6	4
371.7	4
371.8	4
371.9	4
372	4
372.1	4
372.2	4
372.3	4
372.4	4
372.5	4
372.6	4
372.7	4
372.8	4
372.9	4
373	5
373.1	5
373.2	5
373.3	5
373.4	5
373.5	5
373.6	5
373.7	5
373.8	5
373.9	5
374	5
374.1	5
374.2	5
374.3	5
374.4	5
374.5	5
374.6	5
374.7	5
374.8	5
374.9	5
375	5
375.1	5
375.2	5
375.3	5
375.4	5
375.5	5
375.6	5
375.7	5
375.8	5
375.9	5
376	5
376.1	5
376.2	5
376.3	5
376.4	5
376.5	5
376.6	5
376.7	5
376.8	5
376.9	5
377	5
377.1	5
377.2	5
377.3	5
377.4	5
377.5	5
377.6	5
377.7	5
377.8	5
377.9	5
378	5
378.1	5
378.2	5
378.3	5
378.4	5
378.5	5
378.6	5
378.7	5
378.8	5
378.9	5
379	5
379.1	5
379.2	5
379.3	5
379.4	5
379.5	5
379.6	5
379.7	5
379.8	5
379.9	5
380	5
380.1	5
380.2	5
380.3	5
380.4	5
380.5	5
380.6	5
380.7	5
380.8	5
380.9	5
381	5
381.1	5
381.2	5
381.3	5
381.4	5
381.5	5
381.6	5
381.7	5
381.8	5
381.9	5
382	5
382.1	5
382.2	5
382.3	5
382.4	5
382.5	5
382.6	5
382.7	5
382.8	5
382.9	5
383	5
383.1	5
383.2	5
383.3	5
383.4	5
383.5	5
383.6	5
383.7	5
383.8	5
383.9	5
384	5
384.1	5
384.2	5
384.3	5
384.4	5
384.5	5
384.6	5
384.7	5
384.8	5
384.9	5
385	5
385.1	5
385.2	5
385.3	5
385.4	5
385.5	5
385.6	5
385.7	6
385.8	6
385.9	6
386	6
386.1	6
386.2	6
386.3	6
386.4	6
386.5	6
386.6	6
386.7	6
386.8	6
386.9	6
387	6
387.1	6
387.2	6
387.3	6
387.4	6
387.5	6
387.6	6
387.7	6
387.8	6
387.9	6
388	6
388.1	6
388.2	6
388.3	6
388.4	6
388.5	6
388.6	6
388.7	6
388.8	6
388.9	6
389	6
389.1	6
389.2	6
389.3	6
389.4	6
389.5	6
389.6	6
389.7	6
389.8	6
389.9	6
390	6
390.1	6
390.2	6
390.3	50
390.4	6
390.5	50
390.6	50
390.7	6
390.8	50
390.9	6
391	50
391.1	50
391.2	50
391.3	50
391.4	50
391.5	50
391.6	50
391.7	50
391.8	50
391.9	50
392	50
392.1	50
392.2	50
392.3	50
392.4	50
392.5	50
392.6	50
392.7	50
392.8	50
392.9	50
393	50
393.1	50
393.2	50
393.3	50
393.4	50
393.5	50
393.6	50
393.7	50
393.8	50
393.9	50
394	50
394.1	50
394.2	50
394.3	50
394.4	50
394.5	50
394.6	50
394.7	50
394.8	50
394.9	50
395	50
395.1	50
395.2	50
395.3	50
395.4	50
395.5	50
395.6	50
395.7	50
395.8	50
395.9	50
396	50
396.1	50
396.2	50
396.3	50
396.4	50
396.5	50
396.6	50
396.7	50
396.8	50
396.9	50
397	50
397.1	50
397.2	50
397.3	50
397.4	50
397.5	50
397.6	50
397.7	50
397.8	50
397.9	50
398	50
398.1	50
398.2	50
398.3	50
398.4	50
398.5	50
398.6	50
398.7	50
398.8	50
398.9	50
399	50
399.1	50
399.2	50
399.3	50
399.4	50
399.5	50
399.6	50
399.7	50
399.8	50
399.9	50
400	50
400.1	50
400.2	50
400.3	50
400.4	50
400.5	50
400.6	50
400.7	50
400.8	50
400.9	50
401	50
401.1	50
401.2	50
401.3	50
401.4	50
401.5	50
401.6	50
401.7	50
401.8	50
401.9	50
402	50
402.1	50
402.2	50
402.3	50
402.4	50
402.5	50
402.6	50
402.7	50
402.8	50
402.9	50
403	50
403.1	50
403.2	50
403.3	50
403.4	50
403.5	50
403.6	50
403.7	50
403.8	50
403.9	50
404	50
404.1	50
404.2	50
404.3	50
404.4	50
404.5	50
404.6	50
404.7	50
404.8	50
404.9	50
405	50
405.1	50
405.2	50
405.3	50
405.4	50
405.5	50
405.6	50
405.7	50
405.8	50
405.9	50
406	50
406.1	50
406.2	50
406.3	50
406.4	50
406.5	50
406.6	50
406.7	50
406.8	50
406.9	50
407	50
407.1	50
407.2	50
407.3	50
407.4	50
407.5	50
407.6	50
407.7	50
407.8	50
407.9	50
408	50
408.1	50
408.2	50
408.3	50
408.4	50
408.5	50
408.6	50
408.7	50
408.8	50
408.9	50
409	50
409.1	50
409.2	50
409.3	50
409.4	50
409.5	50
409.6	50
409.7	50
409.8	50
409.9	50
410	50
410.1	50
410.2	50
410.3	50
410.4	50
410.5	50
410.6	50
410.7	50
410.8	50
410.9	50
411	50
411.1	50
411.2	50
411.3	50
411.4	50
411.5	50
411.6	50
411.7	50
411.8	50
411.9	50
412	50
412.1	50
412.2	50
412.3	50
412.4	50
412.5	50
412.6	50
412.7	50
412.8	50
412.9	50
413	50
413.1	50
413.2	50
413.3	50
413.4	50
413.5	50
413.6	50
413.7	50
413.8	50
413.9	50
414	50
414.1	50
414.2	50
414.3	50
414.4	50
414.5	50
414.6	50
414.7	50
414.8	50
414.9	50
415	50
415.1	50
415.2	50
415.3	50
415.4	50
415.5	50
415.6	50
415.7	50
415.8	50
415.9	50
416	50
416.1	50
416.2	50
416.3	50
416.4	50
416.5	50
416.6	50
416.7	50
416.8	50
416.9	50
417	50
417.1	50
417.2	50
417.3	50
417.4	50
417.5	50
417.6	50
417.7	50
417.8	50
417.9	50
418	50
418.1	50
418.2	50
418.3	50
418.4	50
418.5	50
418.6	50
418.7	50
418.8	50
418.9	50
419	50
419.1	50
419.2	50
419.3	50
419.4	50
419.5	50
419.6	50
419.7	50
419.8	50
419.9	50
420	50
420.1	50
420.2	50
420.3	50
420.4	50
420.5	50
420.6	50
420.7	50
420.8	50
420.9	50
421	50
421.1	50
421.2	50
421.3	50
421.4	50
421.5	50
421.6	50
421.7	50
421.8	50
421.9	50
422	50
422.1	50
422.2	50
422.3	50
422.4	50
422.5	50
422.6	50
422.7	50
422.8	50
422.9	50
423	50
423.1	50
423.2	50
423.3	50
423.4	50
423.5	50
423.6	50
423.7	50
423.8	50
423.9	50
424	50
424.1	50
424.2	50
424.3	50
424.4	50
424.5	50
424.6	50
424.7	50
424.8	50
424.9	50
425	50
425.1	50
425.2	50
425.3	50
425.4	50
425.5	50
425.6	50
425.7	50
425.8	50
425.9	50
426	50
426.1	50
426.2	50
426.3	50
426.4	50
426.5	50
426.6	50
426.7	50
426.8	50
426.9	50
427	50
427.1	50
427.2	50
427.3	50
427.4	50
427.5	50
427.6	50
427.7	50
427.8	50
427.9	50
428	50
428.1	50
428.2	50
428.3	50
428.4	50
428.5	50
428.6	50
428.7	50
428.8	50
428.9	50
429	50
429.1	50
429.2	50
429.3	50
429.4	50
429.5	50
429.6	50
429.7	50
429.8	50
429.9	50
430	50
430.1	50
430.2	50
430.3	50
430.4	50
430.5	50
430.6	50
430.7	50
430.8	50
430.9	50
431	50
431.1	50
431.2	50
431.3	50
431.4	50
431.5	50
431.6	50
431.7	50
431.8	50
431.9	50
432	50
432.1	50
432.2	50
432.3	50
432.4	50
432.5	50
432.6	50
432.7	50
432.8	50
432.9	50
433	50
433.1	50
433.2	50
433.3	50
433.4	50
433.5	50
433.6	50
433.7	50
433.8	50
433.9	50
434	50
434.1	50
434.2	50
434.3	50
434.4	50
434.5	50
434.6	50
434.7	50
434.8	50
434.9	50
435	50
435.1	50
435.2	50
435.3	50
435.4	50
435.5	50
435.6	50
435.7	50
435.8	50
435.9	50
436	50
436.1	50
436.2	50
436.3	50
436.4	50
436.5	50
436.6	50
436.7	50
436.8	50
436.9	50
437	50
437.1	50
437.2	50
437.3	50
437.4	50
437.5	50
437.6	50
437.7	50
437.8	50
437.9	50
438	50
438.1	50
438.2	50
438.3	50
438.4	50
438.5	50
438.6	50
438.7	50
438.8	50
438.9	50
439	50
439.1	50
439.2	50
439.3	50
439.4	50
439.5	50
439.6	50
439.7	50
439.8	50
439.9	50
440	50
440.1	50
440.2	50
440.3	50
440.4	50
440.5	50
440.6	50
440.7	50
440.8	50
440.9	50
441	50
441.1	50
441.2	50
441.3	50
441.4	50
441.5	50
441.6	50
441.7	50
441.8	50
441.9	50
442	50
442.1	50
442.2	50
442.3	50
442.4	50
442.5	50
442.6	50
442.7	50
442.8	50
442.9	50
443	50
443.1	50
443.2	50
443.3	50
443.4	50
443.5	50
443.6	50
443.7	50
443.8	50
443.9	50
444	50
444.1	50
444.2	50
444.3	50
444.4	50
444.5	50
444.6	50
444.7	50
444.8	50
444.9	50
445	50
445.1	50
445.2	50
445.3	50
445.4	50
445.5	50
445.6	50
445.7	50
445.8	50
445.9	50
446	50
446.1	50
446.2	50
446.3	50
446.4	50
446.5	50
446.6	50
446.7	50
446.8	50
446.9	50
447	50
447.1	50
447.2	50
447.3	50
447.4	50
447.5	50
447.6	50
447.7	50
447.8	50
447.9	50
448	50
448.1	50
448.2	50
448.3	50
448.4	50
448.5	50
448.6	50
448.7	50
448.8	50
448.9	50
449	50
449.1	50
449.2	50
449.3	50
449.4	50
449.5	50
449.6	50
449.7	50
449.8	50
449.9	50
450	50
450.1	50
450.2	51
450.3	50
450.4	50
450.5	50
450.6	50
450.7	50
450.8	50
450.9	50
451	50
451.1	50
451.2	50
451.3	50
451.4	50
451.5	50
451.6	50
451.7	50
451.8	50
451.9	50
452	50
452.1	50
452.2	50
452.3	50
452.4	50
452.5	50
452.6	50
452.7	50
452.8	50
452.9	50
453	50
453.1	50
453.2	50
453.3	50
453.4	51
453.5	50
453.6	50
453.7	50
453.8	50
453.9	50
454	50
454.1	51
454.2	50
454.3	50
454.4	50
454.5	50
454.6	50
454.7	50
454.8	50
454.9	50
455	50
455.1	50
455.2	50
455.3	50
455.4	50
455.5	50
455.6	50
455.7	50
455.8	50
455.9	50
456	50
456.1	50
456.2	50
456.3	50
456.4	50
456.5	50
456.6	50
456.7	50
456.8	50
456.9	50
457	50
457.1	50
457.2	50
457.3	50
457.4	50
457.5	50
457.6	50
457.7	50
457.8	50
457.9	50
458	50
458.1	50
458.2	50
458.3	50
458.4	50
458.5	50
458.6	50
458.7	50
458.8	50
458.9	50
459	50
459.1	50
459.2	50
459.3	50
459.4	50
459.5	50
459.6	50
459.7	50
459.8	50
459.9	50
460	50
460.1	50
460.2	51
460.3	50
460.4	50
460.5	50
460.6	50
460.7	50
460.8	50
460.9	50
461	50
461.1	50
461.2	50
461.3	50
461.4	50
461.5	50
461.6	50
461.7	50
461.8	50
461.9	50
462	50
462.1	50
462.2	50
462.3	50
462.4	51
462.5	50
462.6	50
462.7	50
462.8	50
462.9	50
463	50
463.1	50
463.2	50
463.3	50
463.4	50
463.5	50
463.6	50
463.7	50
463.8	50
463.9	50
464	50
464.1	50
464.2	50
464.3	50
464.4	50
464.5	50
464.6	50
464.7	50
464.8	50
464.9	50
465	50
465.1	50
465.2	50
465.3	50
465.4	50
465.5	50
465.6	50
465.7	50
465.8	50
465.9	50
466	50
466.1	50
466.2	51
466.3	50
466.4	50
466.5	50
466.6	51
466.7	50
466.8	50
466.9	50
467	50
467.1	50
467.2	51
467.3	50
467.4	50
467.5	50
467.6	50
467.7	50
467.8	50
467.9	50
468	50
468.1	50
468.2	50
468.3	50
468.4	50
468.5	51
468.6	50
468.7	50
468.8	50
468.9	50
469	50
469.1	50
469.2	50
469.3	50
469.4	50
469.5	50
469.6	50
469.7	50
469.8	50
469.9	50
470	50
470.1	50
470.2	50
470.3	50
470.4	50
470.5	50
470.6	50
470.7	50
470.8	50
470.9	50
471	50
471.1	50
471.2	50
471.3	50
471.4	50
471.5	50
471.6	50
471.7	50
471.8	50
471.9	50
472	50
472.1	50
472.2	50
472.3	50
472.4	51
472.5	50
472.6	50
472.7	50
472.8	50
472.9	50
473	50
473.1	51
473.2	50
473.3	50
473.4	50
473.5	50
473.6	51
473.7	50
473.8	50
473.9	50
474	50
474.1	50
474.2	50
474.3	50
474.4	50
474.5	50
474.6	50
474.7	51
474.8	50
474.9	50
475	50
475.1	50
475.2	50
475.3	50
475.4	50
475.5	50
475.6	50
475.7	51
475.8	50
475.9	50
476	50
476.1	50
476.2	50
476.3	50
476.4	50
476.5	50
476.6	50
476.7	50
476.8	51
476.9	50
477	50
477.1	50
477.2	50
477.3	50
477.4	50
477.5	50
477.6	51
477.7	50
477.8	50
477.9	50
478	50
478.1	50
478.2	50
478.3	50
478.4	50
478.5	50
478.6	50
478.7	50
478.8	50
478.9	50
479	50
479.1	50
479.2	50
479.3	50
479.4	50
479.5	50
479.6	50
479.7	50
479.8	50
479.9	50
480	50
480.1	50
480.2	50
480.3	51
480.4	50
480.5	50
480.6	50
480.7	50
480.8	50
480.9	51
481	50
481.1	51
481.2	50
481.3	50
481.4	51
481.5	50
481.6	50
481.7	50
481.8	50
481.9	50
482	51
482.1	50
482.2	51
482.3	50
482.4	50
482.5	50
482.6	50
482.7	50
482.8	50
482.9	50
483	50
483.1	50
483.2	50
483.3	51
483.4	50
483.5	50
483.6	50
483.7	50
483.8	50
483.9	50
484	50
484.1	50
484.2	50
484.3	50
484.4	50
484.5	50
484.6	50
484.7	50
484.8	50
484.9	50
485	50
485.1	51
485.2	50
485.3	50
485.4	50
485.5	50
485.6	50
485.7	50
485.8	51
485.9	50
486	50
486.1	50
486.2	50
486.3	50
486.4	50
486.5	51
486.6	51
486.7	50
486.8	50
486.9	50
487	50
487.1	50
487.2	51
487.3	50
487.4	50
487.5	50
487.6	50
487.7	51
487.8	50
487.9	50
488	51
488.1	50
488.2	50
488.3	50
488.4	51
488.5	51
488.6	50
488.7	50
488.8	50
488.9	50
489	50
489.1	51
489.2	50
489.3	50
489.4	50
489.5	50
489.6	50
489.7	50
489.8	51
489.9	51
490	50
490.1	50
490.2	50
490.3	51
490.4	50
490.5	51
490.6	50
490.7	50
490.8	50
490.9	50
491	50
491.1	51
491.2	50
491.3	50
491.4	50
491.5	50
491.6	50
491.7	50
491.8	50
491.9	50
492	50
492.1	51
492.2	50
492.3	50
492.4	50
492.5	51
492.6	50
492.7	51
492.8	50
492.9	50
493	50
493.1	51
493.2	50
493.3	50
493.4	50
493.5	50
493.6	50
493.7	50
493.8	51
493.9	50
494	50
494.1	50
494.2	50
494.3	50
494.4	50
494.5	50
494.6	51
494.7	50
494.8	50
494.9	50
495	51
495.1	50
495.2	50
495.3	50
495.4	50
495.5	50
495.6	50
495.7	50
495.8	51
495.9	50
496	50
496.1	50
496.2	50
496.3	50
496.4	50
496.5	50
496.6	50
496.7	50
496.8	50
496.9	50
497	50
497.1	51
497.2	50
497.3	50
497.4	51
497.5	50
497.6	51
497.7	50
497.8	51
497.9	51
498	51
498.1	50
498.2	51
498.3	51
498.4	50
498.5	50
498.6	51
498.7	51
498.8	50
498.9	50
499	51
499.1	50
499.2	50
499.3	50
499.4	51
499.5	50
499.6	50
499.7	50
499.8	50
499.9	50
500	51
500.1	50
500.2	51
500.3	50
500.4	50
500.5	50
500.6	50
500.7	51
500.8	50
500.9	51
501	50
501.1	50
501.2	51
501.3	50
501.4	51
501.5	50
501.6	51
501.7	51
501.8	50
501.9	50
502	51
502.1	51
502.2	50
502.3	50
502.4	51
502.5	50
502.6	50
502.7	51
502.8	50
502.9	50
503	50
503.1	51
503.2	51
503.3	50
503.4	51
503.5	51
503.6	50
503.7	50
503.8	50
503.9	50
504	50
504.1	51
504.2	50
504.3	50
504.4	50
504.5	51
504.6	50
504.7	50
504.8	51
504.9	50
505	50
505.1	51
505.2	50
505.3	51
505.4	50
505.5	50
505.6	50
505.7	50
505.8	51
505.9	50
506	51
506.1	50
506.2	51
506.3	51
506.4	51
506.5	50
506.6	51
506.7	51
506.8	50
506.9	50
507	50
507.1	50
507.2	51
507.3	51
507.4	51
507.5	51
507.6	50
507.7	50
507.8	50
507.9	51
508	50
508.1	51
508.2	51
508.3	50
508.4	50
508.5	50
508.6	51
508.7	50
508.8	51
508.9	51
509	50
509.1	51
509.2	51
509.3	50
509.4	50
509.5	50
509.6	51
509.7	51
509.8	50
509.9	50
510	50
510.1	51
510.2	51
510.3	50
510.4	50
510.5	51
510.6	50
510.7	51
510.8	51
510.9	50
511	51
511.1	50
511.2	50
511.3	51
511.4	50
511.5	50
511.6	51
511.7	50
511.8	50
511.9	51
512	51
512.1	50
512.2	51
512.3	51
512.4	51
512.5	50
512.6	51
512.7	50
512.8	51
512.9	51
513	51
513.1	50
513.2	51
513.3	50
513.4	51
513.5	51
513.6	50
513.7	50
513.8	51
513.9	51
514	51
514.1	50
514.2	51
514.3	51
514.4	50
514.5	51
514.6	50
514.7	50
514.8	51
514.9	51
515	51
515.1	51
515.2	50
515.3	51
515.4	51
515.5	51
515.6	51
515.7	50
515.8	51
515.9	51
516	51
516.1	50
516.2	51
516.3	50
516.4	50
516.5	51
516.6	51
516.7	50
516.8	50
516.9	51
517	50
517.1	50
517.2	51
517.3	51
517.4	51
517.5	50
517.6	51
517.7	51
517.8	51
517.9	51
518	50
518.1	51
518.2	50
518.3	50
518.4	51
518.5	51
518.6	51
518.7	51
518.8	51
518.9	51
519	50
519.1	50
519.2	51
519.3	51
519.4	50
519.5	50
519.6	50
519.7	51
519.8	50
519.9	51
520	51
520.1	50
520.2	50
520.3	50
520.4	51
520.5	51
520.6	50
520.7	50
520.8	51
520.9	51
521	50
521.1	50
521.2	51
521.3	51
521.4	50
521.5	50
521.6	50
521.7	51
521.8	51
521.9	51
522	50
522.1	50
522.2	51
522.3	50
522.4	51
522.5	51
522.6	51
522.7	51
522.8	51
522.9	51
523	50
523.1	51
523.2	51
523.3	51
523.4	50
523.5	51
523.6	50
523.7	50
523.8	51
523.9	51
524	51
524.1	51
524.2	51
524.3	51
524.4	51
524.5	51
524.6	51
524.7	50
524.8	51
524.9	51
525	51
525.1	51
525.2	51
525.3	51
525.4	51
525.5	51
525.6	51
525.7	50
525.8	51
525.9	51
526	51
526.1	51
526.2	50
526.3	51
526.4	50
526.5	50
526.6	51
526.7	51
526.8	51
526.9	51
527	51
527.1	50
527.2	51
527.3	51
527.4	50
527.5	51
527.6	51
527.7	51
527.8	50
527.9	50
528	51
528.1	50
528.2	51
528.3	51
528.4	51
528.5	51
528.6	50
528.7	51
528.8	51
528.9	51
529	51
529.1	50
529.2	51
529.3	51
529.4	51
529.5	51
529.6	51
529.7	50
529.8	50
529.9	51
530	51
530.1	50
530.2	51
530.3	51
530.4	51
530.5	51
530.6	50
530.7	51
530.8	51
530.9	51
531	51
531.1	51
531.2	50
531.3	51
531.4	51
531.5	51
531.6	50
531.7	50
531.8	51
531.9	51
532	51
532.1	51
532.2	51
532.3	51
532.4	51
532.5	51
532.6	50
532.7	51
532.8	51
532.9	51
533	51
533.1	51
533.2	50
533.3	50
533.4	51
533.5	50
533.6	51
533.7	51
533.8	51
533.9	51
534	51
534.1	50
534.2	50
534.3	51
534.4	50
534.5	51
534.6	50
534.7	52
534.8	51
534.9	51
535	51
535.1	51
535.2	51
535.3	51
535.4	51
535.5	50
535.6	51
535.7	51
535.8	51
535.9	51
536	51
536.1	51
536.2	51
536.3	50
536.4	51
536.5	50
536.6	51
536.7	50
536.8	51
536.9	51
537	50
537.1	51
537.2	51
537.3	51
537.4	51
537.5	51
537.6	51
537.7	51
537.8	51
537.9	50
538	51
538.1	50
538.2	51
538.3	50
538.4	51
538.5	51
538.6	50
538.7	51
538.8	51
538.9	50
539	51
539.1	50
539.2	51
539.3	50
539.4	50
539.5	51
539.6	51
539.7	51
539.8	51
539.9	51
540	51
540.1	51
540.2	51
540.3	50
540.4	51
540.5	51
540.6	51
540.7	51
540.8	50
540.9	51
541	50
541.1	51
541.2	50
541.3	51
541.4	51
541.5	51
541.6	50
541.7	51
541.8	51
541.9	51
542	51
542.1	50
542.2	51
542.3	51
542.4	50
542.5	51
542.6	50
542.7	51
542.8	51
542.9	51
543	51
543.1	51
543.2	51
543.3	51
543.4	50
543.5	50
543.6	51
543.7	51
543.8	51
543.9	50
544	51
544.1	51
544.2	51
544.3	50
544.4	50
544.5	51
544.6	50
544.7	51
544.8	51
544.9	50
545	51
545.1	50
545.2	51
545.3	51
545.4	50
545.5	51
545.6	50
545.7	51
545.8	51
545.9	50
546	50
546.1	51
546.2	51
546.3	50
546.4	50
546.5	51
546.6	50
546.7	51
546.8	50
546.9	51
547	50
547.1	51
547.2	50
547.3	51
547.4	51
547.5	51
547.6	50
547.7	51
547.8	51
547.9	51
548	51
548.1	50
548.2	50
548.3	51
548.4	51
548.5	50
548.6	51
548.7	51
548.8	50
548.9	51
549	50
549.1	51
549.2	51
549.3	50
549.4	50
549.5	51
549.6	50
549.7	50
549.8	50
549.9	50
550	50
550.1	50
550.2	51
550.3	50
550.4	51
550.5	51
550.6	50
550.7	51
550.8	51
550.9	51
551	50
551.1	51
551.2	50
551.3	51
551.4	51
551.5	50
551.6	51
551.7	50
551.8	51
551.9	50
552	51
552.1	51
552.2	50
552.3	51
552.4	51
552.5	50
552.6	50
552.7	51
552.8	50
552.9	51
553	51
553.1	50
553.2	50
553.3	51
553.4	51
553.5	51
553.6	50
553.7	51
553.8	51
553.9	50
554	50
554.1	50
554.2	51
554.3	50
554.4	51
554.5	50
554.6	50
554.7	51
554.8	50
554.9	50
555	50
555.1	51
555.2	50
555.3	50
555.4	51
555.5	50
555.6	51
555.7	50
555.8	50
555.9	50
556	51
556.1	50
556.2	51
556.3	50
556.4	51
556.5	50
556.6	51
556.7	50
556.8	51
556.9	51
557	51
557.1	51
557.2	50
557.3	50
557.4	51
557.5	51
557.6	50
557.7	51
557.8	51
557.9	50
558	50
558.1	51
558.2	51
558.3	50
558.4	50
558.5	51
558.6	50
558.7	51
558.8	50
558.9	50
559	51
559.1	50
559.2	52
559.3	51
559.4	50
559.5	50
559.6	51
559.7	51
559.8	50
559.9	50
560	50
560.1	52
560.2	51
560.3	51
560.4	50
560.5	50
560.6	51
560.7	50
560.8	50
560.9	50
561	50
561.1	51
561.2	51
561.3	51
561.4	50
561.5	50
561.6	51
561.7	51
561.8	50
561.9	51
562	51
562.1	50
562.2	50
562.3	51
562.4	51
562.5	51
562.6	50
562.7	50
562.8	51
562.9	50
563	50
563.1	50
563.2	50
563.3	50
563.4	51
563.5	51
563.6	51
563.7	51
563.8	50
563.9	50
564	51
564.1	50
564.2	50
564.3	50
564.4	50
564.5	50
564.6	50
564.7	50
564.8	51
564.9	51
565	51
565.1	50
565.2	50
565.3	50
565.4	51
565.5	50
565.6	50
565.7	51
565.8	50
565.9	50
566	50
566.1	50
566.2	51
566.3	50
566.4	50
566.5	51
566.6	50
566.7	51
566.8	50
566.9	50
567	51
567.1	50
567.2	51
567.3	50
567.4	51
567.5	51
567.6	50
567.7	50
567.8	50
567.9	50
568	50
568.1	50
568.2	50
568.3	50
568.4	50
568.5	50
568.6	50
568.7	50
568.8	50
568.9	50
569	51
569.1	50
569.2	50
569.3	50
569.4	51
569.5	50
569.6	51
569.7	50
569.8	51
569.9	51
570	50
570.1	50
570.2	51
570.3	50
570.4	51
570.5	51
570.6	50
570.7	51
570.8	50
570.9	50
571	50
571.1	50
571.2	50
571.3	50
571.4	51
571.5	50
571.6	50
571.7	51
571.8	50
571.9	50
572	50
572.1	50
572.2	50
572.3	50
572.4	50
572.5	50
572.6	50
572.7	51
572.8	50
572.9	51
573	50
573.1	51
573.2	50
573.3	50
573.4	51
573.5	50
573.6	50
573.7	51
573.8	50
573.9	50
574	50
574.1	51
574.2	50
574.3	50
574.4	51
574.5	51
574.6	50
574.7	51
574.8	50
574.9	50
575	50
575.1	50
575.2	51
575.3	50
575.4	51
575.5	50
575.6	50
575.7	51
575.8	50
575.9	50
576	50
576.1	51
576.2	51
576.3	51
576.4	50
576.5	50
576.6	50
576.7	51
576.8	51
576.9	51
577	51
577.1	50
577.2	51
577.3	50
577.4	50
577.5	50
577.6	50
577.7	51
577.8	51
577.9	50
578	51
578.1	50
578.2	51
578.3	50
578.4	50
578.5	51
578.6	51
578.7	50
578.8	50
578.9	50
579	50
579.1	50
579.2	50
579.3	50
579.4	50
579.5	50
579.6	50
579.7	51
579.8	50
579.9	50
580	51
580.1	50
580.2	58
580.3	51
580.4	50
580.5	50
580.6	66
580.7	51
580.8	50
580.9	51
581	50
581.1	50
581.2	50
581.3	51
581.4	51
581.5	50
581.6	51
581.7	51
581.8	50
581.9	50
582	51
582.1	50
582.2	50
582.3	51
582.4	50
582.5	50
582.6	50
582.7	51
582.8	50
582.9	50
583	51
583.1	51
583.2	51
583.3	50
583.4	50
583.5	50
583.6	51
583.7	51
583.8	50
583.9	50
584	50
584.1	50
584.2	50
584.3	50
584.4	50
584.5	51
584.6	50
584.7	50
584.8	50
584.9	50
585	51
585.1	50
585.2	50
585.3	50
585.4	50
585.5	50
585.6	50
585.7	50
585.8	50
585.9	50
586	50
586.1	51
586.2	50
586.3	50
586.4	50
586.5	50
586.6	50
586.7	50
586.8	50
586.9	50
587	50
587.1	50
587.2	50
587.3	50
587.4	63
587.5	50
587.6	50
587.7	50
587.8	50
587.9	50
588	50
588.1	51
588.2	51
588.3	50
588.4	50
588.5	50
588.6	51
588.7	50
588.8	50
588.9	50
589	50
589.1	50
589.2	50
589.3	50
589.4	50
589.5	50
589.6	50
589.7	50
589.8	51
589.9	50
590	51
590.1	50
590.2	50
590.3	50
590.4	51
590.5	50
590.6	50
590.7	50
590.8	50
590.9	51
591	50
591.1	50
591.2	50
591.3	51
591.4	50
591.5	51
591.6	31
591.7	50
591.8	50
591.9	50
592	6
592.1	50
592.2	6
592.3	50
592.4	6
592.5	51
592.6	50
592.7	51
592.8	29
592.9	50
593	50
593.1	50
593.2	50
593.3	21
593.4	51
593.5	6
593.6	6
593.7	51
593.8	31
593.9	50
594	50
594.1	30
594.2	50
594.3	6
594.4	5
594.5	6
594.6	5
594.7	6
594.8	6
594.9	5
595	5
595.1	6
595.2	5
595.3	5
595.4	5
595.5	5
595.6	5
595.7	5
595.8	5
595.9	5
596	5
596.1	5
596.2	5
596.3	5
596.4	5
596.5	5
596.6	5
596.7	5
596.8	5
596.9	5
597	5
597.1	5
597.2	5
597.3	5
597.4	5
597.5	5
597.6	5
597.7	5
597.8	5
597.9	5
598	5
598.1	5
598.2	5
598.3	5
598.4	5
598.5	5
598.6	5
598.7	5
598.8	5
598.9	5
599	5
599.1	5
599.2	5
599.3	5
599.4	5
599.5	5
599.6	5
599.7	5
599.8	5
599.9	5
600	5
600.1	5
600.2	5
600.3	5
600.4	5
600.5	5
600.6	5
600.7	5
600.8	5
600.9	5
601	5
601.1	5
601.2	5
601.3	5
601.4	4
601.5	5
601.6	5
601.7	5
601.8	5
601.9	5
602	5
602.1	5
602.2	4
602.3	5
602.4	5
602.5	5
602.6	5
602.7	5
602.8	5
602.9	5
603	5
603.1	5
603.2	4
603.3	5
603.4	5
603.5	5
603.6	5
603.7	5
603.8	4
603.9	5
604	4
604.1	5
604.2	4
604.3	5
604.4	4
604.5	4
604.6	5
604.7	4
604.8	5
604.9	5
605	5
605.1	5
605.2	4
605.3	4
605.4	4
605.5	4
605.6	4
605.7	3
605.8	3
605.9	3
606	4
606.1	3
606.2	4
606.3	3
606.4	4
606.5	3
606.6	4
606.7	3
606.8	4
606.9	3
607	4
607.1	3
607.2	4
607.3	3
607.4	4
607.5	3
607.6	4
607.7	3
607.8	4
607.9	3
608	4
608.1	3
608.2	4
608.3	4
608.4	4
608.5	3
608.6	4
608.7	4
608.8	4
608.9	4
609	4
609.1	3
609.2	4
609.3	3
609.4	4
609.5	3
609.6	4
609.7	3
609.8	4
609.9	3
610	4
610.1	3
610.2	4
610.3	3
610.4	4
610.5	3
610.6	4
610.7	3
610.8	4
610.9	3
611	4
611.1	3
611.2	4
611.3	3
611.4	4
611.5	3
611.6	4
611.7	3
611.8	4
611.9	3
612	4
612.1	3
612.2	4
612.3	3
612.4	4
612.5	3
612.6	4
612.7	3
612.8	4
612.9	3
613	4
613.1	3
613.2	4
613.3	3
613.4	4
613.5	3
613.6	4
613.7	3
613.8	4
613.9	3
614	4
614.1	3
614.2	4
614.3	3
614.4	4
614.5	3
614.6	4
614.7	3
614.8	4
614.9	3
615	4
615.1	3
615.2	4
615.3	3
615.4	4
615.5	3
615.6	4
615.7	3
615.8	4
615.9	3
616	4
616.1	3
616.2	4
616.3	3
616.4	4
616.5	3
616.6	4
616.7	3
616.8	4
616.9	3
617	4
617.1	3
617.2	4
617.3	3
617.4	4
617.5	3
617.6	4
617.7	3
617.8	4
617.9	3
618	4
618.1	3
618.2	4
618.3	3
618.4	4
618.5	3
618.6	3
618.7	3
618.8	3
618.9	3
619	3
619.1	3
619.2	3
619.3	3
619.4	3
619.5	3
619.6	3
619.7	3
619.8	3
619.9	3
620	3
620.1	3
620.2	3
620.3	3
620.4	3
620.5	3
620.6	3
620.7	3
620.8	3
620.9	3
621	3
621.1	3
621.2	3
621.3	3
621.4	3
621.5	3
621.6	3
621.7	3
621.8	3
621.9	3
622	3
622.1	3
622.2	3
622.3	3
622.4	3
622.5	3
622.6	3
622.7	3
622.8	3
622.9	3
623	3
623.1	3
623.2	3
623.3	3
623.4	3
623.5	3
623.6	3
623.7	3
623.8	3
623.9	3
624	3
624.1	3
624.2	3
624.3	3
624.4	3
624.5	3
624.6	3
624.7	4
624.8	3
624.9	4
625	3
625.1	4
625.2	3
625.3	4
625.4	3
625.5	4
625.6	3
625.7	4
625.8	3
625.9	4
626	3
626.1	4
626.2	3
626.3	4
626.4	3
626.5	4
626.6	3
626.7	4
626.8	3
626.9	4
627	3
627.1	4
627.2	3
627.3	4
627.4	3
627.5	4
627.6	3
627.7	4
627.8	3
627.9	4
628	3
628.1	4
628.2	3
628.3	4
628.4	3
628.5	4
628.6	3
628.7	4
628.8	3
628.9	4
629	3
629.1	4
629.2	3
629.3	4
629.4	3
629.5	4
629.6	3
629.7	4
629.8	3
629.9	4
630	3
630.1	4
630.2	3
630.3	4
630.4	3
630.5	4
630.6	3
630.7	4
630.8	3
630.9	4
631	3
631.1	4
631.2	3
631.3	4
631.4	3
631.5	4
631.6	3
631.7	4
631.8	3
631.9	4
632	3
632.1	4
632.2	3
632.3	4
632.4	4
632.5	4
632.6	4
632.7	4
632.8	4
632.9	4
633	4
633.1	4
633.2	4
633.3	4
633.4	4
633.5	4
633.6	4
633.7	4
633.8	4
633.9	4
634	4
634.1	4
634.2	4
634.3	4
634.4	4
634.5	4
634.6	4
634.7	4
634.8	4
634.9	4
635	4
635.1	4
635.2	4
635.3	4
635.4	4
635.5	4
635.6	4
635.7	4
635.8	4
635.9	4
636	4
636.1	4
636.2	4
636.3	4
636.4	4
636.5	4
636.6	4
636.7	4
636.8	4
636.9	4
637	4
637.1	4
637.2	4
637.3	4
637.4	4
637.5	4
637.6	4
637.7	4
637.8	4
637.9	4
638	4
638.1	4
638.2	4
638.3	4
638.4	4
638.5	4
638.6	4
638.7	4
638.8	4
638.9	4
639	6
639.1	51
639.2	51
639.3	51
639.4	51
639.5	50
639.6	50
639.7	51
639.8	51
639.9	50
640	50
640.1	68
640.2	51
640.3	56
640.4	58
640.5	51
640.6	50
640.7	51
640.8	50
640.9	57
641	50
641.1	64
641.2	51
641.3	51
641.4	60
641.5	51
641.6	65
641.7	62
641.8	56
641.9	50
642	50
642.1	51
642.2	50
642.3	51
642.4	50
642.5	51
642.6	51
642.7	64
642.8	51
642.9	51
643	50
643.1	51
643.2	51
643.3	51
643.4	65
643.5	51
643.6	50
643.7	63
643.8	60
643.9	51
644	50
644.1	51
644.2	51
644.3	55
644.4	56
644.5	51
644.6	50
644.7	50
644.8	51
644.9	50
645	65
645.1	67
645.2	51
645.3	51
645.4	50
645.5	52
645.6	51
645.7	50
645.8	69
645.9	64
646	51
646.1	50
646.2	51
646.3	50
646.4	62
646.5	50
646.6	50
646.7	51
646.8	51
646.9	58
647	50
647.1	65
647.2	51
647.3	51
647.4	62
647.5	51
647.6	51
647.7	51
647.8	51
647.9	69
648	61
648.1	50
648.2	55
648.3	55
648.4	51
648.5	50
648.6	63
648.7	51
648.8	51
648.9	56
649	51
649.1	67
649.2	51
649.3	57
649.4	51
649.5	51
649.6	50
649.7	51
649.8	51
649.9	59
650	51
650.1	51
650.2	51
650.3	51
650.4	62
650.5	51
650.6	65
650.7	60
650.8	51
650.9	51
651	57
651.1	51
651.2	57
651.3	51
651.4	51
651.5	57
651.6	69
651.7	66
651.8	51
651.9	51
652	51
652.1	50
652.2	56
652.3	51
652.4	50
652.5	64
652.6	63
652.7	51
652.8	50
652.9	63
653	66
653.1	51
653.2	51
653.3	60
653.4	51
653.5	51
653.6	59
653.7	51
653.8	64
653.9	51
654	51
654.1	58
654.2	50
654.3	64
654.4	51
654.5	57
654.6	51
654.7	51
654.8	68
654.9	68
655	65
655.1	51
655.2	50
655.3	51
655.4	59
655.5	50
655.6	51
655.7	68
655.8	51
655.9	59
656	50
656.1	51
656.2	59
656.3	51
656.4	63
656.5	57
656.6	56
656.7	51
656.8	51
656.9	69
657	51
657.1	50
657.2	51
657.3	51
657.4	51
657.5	51
657.6	56
657.7	51
657.8	56
657.9	64
658	51
658.1	51
658.2	63
658.3	50
658.4	51
658.5	58
658.6	51
658.7	50
658.8	68
658.9	51
659	57
659.1	51
659.2	51
659.3	50
659.4	51
659.5	50
659.6	62
659.7	63
659.8	65
659.9	64
660	51
660.1	63
660.2	51
660.3	51
660.4	64
660.5	51
660.6	50
660.7	63
660.8	51
660.9	55
661	58
661.1	51
661.2	68
661.3	51
661.4	58
661.5	51
661.6	57
661.7	51
661.8	50
661.9	55
662	55
662.1	51
662.2	51
662.3	68
662.4	65
662.5	62
662.6	62
662.7	51
662.8	50
662.9	51
663	50
663.1	69
663.2	66
663.3	54
663.4	50
663.5	51
663.6	64
663.7	51
663.8	68
663.9	63
664	63
664.1	51
664.2	69
664.3	64
664.4	65
664.5	66
664.6	65
664.7	51
664.8	50
664.9	50
665	64
665.1	70
665.2	62
665.3	66
665.4	65
665.5	63
665.6	63
665.7	51
665.8	68
665.9	64
666	51
666.1	68
666.2	66
666.3	51
666.4	50
666.5	70
666.6	66
666.7	64
666.8	60
666.9	51
667	50
667.1	51
667.2	56
667.3	51
667.4	53
667.5	57
667.6	52
667.7	56
667.8	56
667.9	51
668	67
668.1	51
668.2	50
668.3	51
668.4	51
668.5	55
668.6	69
668.7	62
668.8	68
668.9	68
669	50
669.1	57
669.2	55
669.3	51
669.4	59
669.5	54
669.6	51
669.7	68
669.8	63
669.9	51
670	65
670.1	66
670.2	51
670.3	50
670.4	51
670.5	67
670.6	62
670.7	51
670.8	62
670.9	56
671	66
671.1	51
671.2	62
671.3	53
671.4	66
671.5	52
671.6	58
671.7	51
671.8	56
671.9	51
672	51
672.1	65
672.2	64
672.3	66
672.4	51
672.5	50
672.6	51
672.7	51
672.8	67
672.9	65
673	69
673.1	66
673.2	55
673.3	57
673.4	56
673.5	56
673.6	65
673.7	56
673.8	56
673.9	67
674	66
674.1	51
674.2	50
674.3	51
674.4	69
674.5	51
674.6	58
674.7	55
674.8	65
674.9	59
675	56
675.1	67
675.2	51
675.3	69
675.4	64
675.5	65
675.6	67
675.7	64
675.8	67
675.9	66
676	65
676.1	51
676.2	58
676.3	54
676.4	65
676.5	59
676.6	54
676.7	65
676.8	51
676.9	69
677	70
677.1	63
677.2	51
677.3	69
677.4	62
677.5	66
677.6	68
677.7	62
677.8	66
677.9	65
678	66
678.1	63
678.2	50
678.3	51
678.4	51
678.5	50
678.6	51
678.7	61
678.8	56
678.9	67
679	51
679.1	58
679.2	56
679.3	56
679.4	55
679.5	65
679.6	56
679.7	57
679.8	56
679.9	66
680	63
680.1	65
680.2	67
680.3	62
680.4	68
680.5	69
680.6	65
680.7	66
680.8	66
680.9	66
681	62
681.1	62
681.2	51
681.3	63
681.4	55
681.5	51
681.6	51
681.7	66
681.8	51
681.9	50
682	63
682.1	66
682.2	67
682.3	50
682.4	57
682.5	55
682.6	66
682.7	51
682.8	58
682.9	55
683	57
683.1	54
683.2	53
683.3	62
683.4	51
683.5	50
683.6	57
683.7	53
683.8	66
683.9	66
684	51
684.1	58
684.2	54
684.3	51
684.4	51
684.5	69
684.6	63
684.7	69
684.8	62
684.9	50
685	64
685.1	70
685.2	69
685.3	66
685.4	66
685.5	62
685.6	51
685.7	57
685.8	68
685.9	63
686	51
686.1	62
686.2	53
686.3	66
686.4	65
686.5	66
686.6	62
686.7	62
686.8	51
686.9	50
687	70
687.1	67
687.2	64
687.3	71
687.4	64
687.5	66
687.6	63
687.7	68
687.8	63
687.9	66
688	65
688.1	70
688.2	66
688.3	65
688.4	66
688.5	56
688.6	55
688.7	69
688.8	63
688.9	66
689	67
689.1	66
689.2	63
689.3	68
689.4	70
689.5	64
689.6	66
689.7	51
689.8	62
689.9	56
690	69
690.1	64
690.2	66
690.3	69
690.4	67
690.5	66
690.6	51
690.7	51
690.8	56
690.9	68
691	51
691.1	50
691.2	51
691.3	69
691.4	62
691.5	51
691.6	57
691.7	54
691.8	56
691.9	54
692	70
692.1	63
692.2	67
692.3	65
692.4	69
692.5	66
692.6	66
692.7	65
692.8	68
692.9	67
693	69
693.1	66
693.2	63
693.3	67
693.4	68
693.5	67
693.6	63
693.7	65
693.8	63
693.9	59
694	67
694.1	66
694.2	66
694.3	64
694.4	69
694.5	66
694.6	72
694.7	63
694.8	67
694.9	51
695	50
695.1	70
695.2	70
695.3	63
695.4	51
695.5	67
695.6	64
695.7	70
695.8	66
695.9	72
696	73
696.1	69
696.2	66
696.3	68
696.4	66
696.5	64
696.6	69
696.7	67
696.8	73
696.9	64
697	65
697.1	67
697.2	67
697.3	63
697.4	51
697.5	68
697.6	66
697.7	70
697.8	64
697.9	66
698	65
698.1	71
698.2	65
698.3	71
698.4	64
698.5	66
698.6	62
698.7	63
698.8	51
698.9	69
699	63
699.1	65
699.2	67
699.3	66
699.4	63
699.5	68
699.6	63
699.7	51
699.8	68
699.9	66
700	65
700.1	68
700.2	67
700.3	70
700.4	51
700.5	62
700.6	50
700.7	65
700.8	65
700.9	70
701	66
701.1	66
701.2	63
701.3	63
701.4	58
701.5	66
701.6	65
701.7	66
701.8	67
701.9	68
702	51
702.1	50
702.2	63
702.3	64
702.4	68
702.5	68
702.6	51
702.7	50
702.8	70
702.9	66
703	65
703.1	64
703.2	69
703.3	63
703.4	65
703.5	70
703.6	68
703.7	72
703.8	63
703.9	69
704	64
704.1	68
704.2	66
704.3	70
704.4	63
704.5	59
704.6	73
704.7	67
704.8	72
704.9	73
705	50
705.1	62
705.2	51
705.3	68
705.4	63
705.5	66
705.6	64
705.7	66
705.8	67
705.9	67
706	64
706.1	67
706.2	62
706.3	51
706.4	69
706.5	67
706.6	51
706.7	50
706.8	64
706.9	53
707	56
707.1	51
707.2	68
707.3	64
707.4	72
707.5	67
707.6	63
707.7	68
707.8	67
707.9	69
708	68
708.1	67
708.2	69
708.3	66
708.4	65
708.5	51
708.6	53
708.7	66
708.8	67
708.9	51
709	51
709.1	56
709.2	57
709.3	68
709.4	63
709.5	67
709.6	62
709.7	68
709.8	50
709.9	60
710	56
710.1	66
710.2	51
710.3	51
710.4	56
710.5	54
710.6	51
710.7	70
710.8	67
710.9	67
711	64
711.1	67
711.2	72
711.3	67
711.4	63
711.5	69
711.6	70
711.7	66
711.8	64
711.9	67
712	51
712.1	50
712.2	56
712.3	57
712.4	51
712.5	67
712.6	70
712.7	67
712.8	66
712.9	69
713	66
713.1	66
713.2	51
713.3	50
713.4	50
713.5	66
713.6	62
713.7	68
713.8	69
713.9	67
714	70
714.1	67
714.2	67
714.3	66
714.4	66
714.5	69
714.6	67
714.7	57
714.8	56
714.9	57
715	59
715.1	56
715.2	54
715.3	68
715.4	63
715.5	70
715.6	63
715.7	66
715.8	73
715.9	67
716	67
716.1	68
716.2	66
716.3	70
716.4	63
716.5	65
716.6	68
716.7	67
716.8	69
716.9	66
717	62
717.1	68
717.2	64
717.3	58
717.4	63
717.5	50
717.6	62
717.7	50
717.8	56
717.9	57
718	51
718.1	69
718.2	65
718.3	69
718.4	63
718.5	57
718.6	56
718.7	69
718.8	65
718.9	70
719	69
719.1	67
719.2	70
719.3	66
719.4	69
719.5	67
719.6	69
719.7	67
719.8	69
719.9	67
720	50
720.1	60
720.2	51
720.3	59
720.4	56
720.5	69
720.6	64
720.7	69
720.8	66
720.9	66
721	68
721.1	72
721.2	68
721.3	69
721.4	72
721.5	64
721.6	66
721.7	51
721.8	50
721.9	55
722	66
722.1	63
722.2	67
722.3	62
722.4	68
722.5	66
722.6	68
722.7	66
722.8	63
722.9	68
723	64
723.1	69
723.2	66
723.3	71
723.4	66
723.5	66
723.6	64
723.7	67
723.8	66
723.9	65
724	69
724.1	67
724.2	70
724.3	66
724.4	71
724.5	66
724.6	69
724.7	66
724.8	69
724.9	66
725	65
725.1	68
725.2	63
725.3	66
725.4	71
725.5	67
725.6	71
725.7	66
725.8	69
725.9	67
726	51
726.1	50
726.2	70
726.3	69
726.4	64
726.5	70
726.6	63
726.7	68
726.8	66
726.9	69
727	72
727.1	62
727.2	66
727.3	67
727.4	51
727.5	50
727.6	54
727.7	70
727.8	63
727.9	70
728	71
728.1	64
728.2	65
728.3	63
728.4	69
728.5	72
728.6	64
728.7	66
728.8	63
728.9	68
729	63
729.1	57
729.2	70
729.3	68
729.4	67
729.5	64
729.6	57
729.7	57
729.8	53
729.9	56
730	69
730.1	63
730.2	69
730.3	63
730.4	67
730.5	50
730.6	59
730.7	54
730.8	55
730.9	65
731	58
731.1	54
731.2	63
731.3	70
731.4	70
731.5	69
731.6	69
731.7	72
731.8	68
731.9	67
732	50
732.1	60
732.2	50
732.3	55
732.4	69
732.5	64
732.6	69
732.7	63
732.8	59
732.9	51
733	50
733.1	50
733.2	70
733.3	63
733.4	63
733.5	68
733.6	64
733.7	66
733.8	62
733.9	68
734	68
734.1	67
734.2	61
734.3	69
734.4	68
734.5	67
734.6	64
734.7	51
734.8	69
734.9	71
735	65
735.1	67
735.2	51
735.3	50
735.4	70
735.5	68
735.6	66
735.7	68
735.8	66
735.9	62
736	64
736.1	65
736.2	68
