0.0011999	48
0.00263965	24
0.00436705	29
0.00643992	30
0.00892676	28
0.0119101	27
0.0154883	26
0.0197816	26
0.0249318	25
0.031112	29
0.0385282	25
0.0474198	28
0.0580705	27
0.0708403	26
0.0861483	26
0.104484	26
0.126437	30
0.15278	30
0.184256	28
0.221879	27
0.266955	26
0.32074	25
0.384839	25
0.461759	27
0.552523	34
0.651356	28
0.750189	26
0.849022	26
0.947855	26
1.04669	26
1.14552	49
1.24435	50
1.34319	27
1.44202	27
1.54085	26
1.63968	26
1.73852	26
1.83735	28
1.93618	29
2.03502	28
2.13385	27
2.23268	26
2.33151	26
2.43035	25
2.52918	26
2.62801	49
2.72685	27
2.82568	27
2.92451	26
3.02334	26
3.12218	25
3.22101	25
3.31984	27
3.41867	23
3.51751	30
3.61634	27
3.71517	27
3.81401	48
3.91284	38
4.01167	49
4.1105	24
4.20934	30
4.30817	27
4.407	27
4.50584	48
4.60467	39
4.7035	49
4.80233	24
4.90117	29
5	27
5.1	27
5.2	48
5.3	38
5.4	49
5.5	24
5.6	29
5.7	27
5.8	27
5.9	48
6	39
6.1	50
6.2	35
6.3	29
6.4	27
6.5	27
6.6	28
6.7	49
6.8	41
6.9	21
7	29
7.1	26
7.2	26
7.3	25
7.4	25
7.5	25
7.6	38
7.7	29
7.8	27
7.9	26
8	26
8.1	27
8.2	49
8.3	61
8.4	29
8.5	26
8.6	26
8.7	25
8.8	25
8.9	25
9	30
9.1	30
9.2	27
9.3	26
9.4	26
9.5	26
9.6	28
9.7	65
9.8	31
9.9	27
10	26
10.1	25
10.2	25
10.3	25
10.4	65
10.5	31
10.6	27
10.7	26
10.8	26
10.9	25
11	25
11.1	37
11.2	31
11.3	27
11.4	26
11.5	26
11.6	28
11.7	49
11.8	63
11.9	32
12	28
12.1	26
12.2	26
12.3	26
12.4	26
12.5	49
12.6	37
12.7	28
12.8	26
12.9	27
13	26
13.1	28
13.2	48
13.3	35
13.4	29
13.5	27
13.6	27
13.7	27
13.8	27
13.9	49
14	34
14.1	29
14.2	28
14.3	27
14.4	27
14.5	28
14.6	49
14.7	33
14.8	31
14.9	29
15	29
15.1	28
15.2	29
15.3	51
15.4	25
15.5	32
15.6	30
15.7	29
15.8	29
15.9	31
16	50
16.1	23
16.2	35
16.3	30
16.4	30
16.5	30
16.6	30
16.7	30
16.8	63
16.9	33
17	29
17.1	30
17.2	29
17.3	29
17.4	25
17.5	28
17.6	32
17.7	48
17.8	47
17.9	48
18	48
18.1	69
18.2	18
18.3	27
18.4	27
18.5	32
18.6	49
18.7	39
18.8	28
18.9	51
19	33
19.1	30
19.2	35
19.3	49
19.4	49
19.5	49
19.6	69
19.7	15
19.8	24
19.9	51
20	35
20.1	26
20.2	23
20.3	16
20.4	18
20.5	69
20.6	35
20.7	29
20.8	52
20.9	38
21	27
21.1	16
21.2	16
21.3	16
21.4	17
21.5	17
21.6	51
21.7	63
21.8	17
21.9	32
22	55
22.1	52
22.2	32
22.3	29
22.4	20
22.5	43
22.6	28
22.7	17
22.8	16
22.9	61
23	16
23.1	16
23.2	59
23.3	55
23.4	36
23.5	27
23.6	22
23.7	18
23.8	54
23.9	56
24	55
24.1	35
24.2	26
24.3	51
24.4	51
24.5	56
24.6	55
24.7	55
24.8	36
24.9	26
25	53
25.1	56
25.2	56
25.3	39
25.4	26
25.5	18
25.6	16
25.7	60
25.8	56
25.9	60
26	58
26.1	54
26.2	56
26.3	56
26.4	56
26.5	56
26.6	57
26.7	57
26.8	57
26.9	58
27	58
27.1	65
27.2	58
27.3	58
27.4	61
27.5	59
27.6	59
27.7	58
27.8	57
27.9	57
28	57
28.1	57
28.2	58
28.3	67
28.4	57
28.5	58
28.6	65
28.7	58
28.8	58
28.9	67
29	57
29.1	58
29.2	67
29.3	57
29.4	58
29.5	60
29.6	59
29.7	60
29.8	59
29.9	68
30	58
30.1	58
30.2	67
30.3	58
30.4	58
30.5	65
30.6	58
30.7	58
30.8	67
30.9	57
31	58
31.1	67
31.2	58
31.3	58
31.4	67
31.5	58
31.6	58
31.7	67
31.8	58
31.9	58
32	67
32.1	58
32.2	58
32.3	67
32.4	58
32.5	58
32.6	67
32.7	58
32.8	58
32.9	67
33	58
33.1	58
33.2	67
33.3	58
33.4	58
33.5	67
33.6	58
33.7	58
33.8	68
33.9	58
34	58
34.1	68
34.2	58
34.3	58
34.4	68
34.5	58
34.6	58
34.7	68
34.8	58
34.9	58
35	68
35.1	58
35.2	58
35.3	68
35.4	58
35.5	59
35.6	68
35.7	58
35.8	58
35.9	68
36	58
36.1	59
36.2	68
36.3	58
36.4	58
36.5	68
36.6	58
36.7	59
36.8	68
36.9	58
37	58
37.1	68
37.2	58
37.3	59
37.4	68
37.5	58
37.6	59
37.7	68
37.8	58
37.9	58
38	68
38.1	58
38.2	59
38.3	68
38.4	58
38.5	59
38.6	68
38.7	58
38.8	59
38.9	68
39	58
39.1	59
39.2	68
39.3	58
39.4	59
39.5	68
39.6	58
39.7	59
39.8	68
39.9	58
40	59
40.1	68
40.2	58
40.3	59
40.4	68
40.5	58
40.6	59
40.7	68
40.8	58
40.9	59
41	68
41.1	58
41.2	59
41.3	68
41.4	58
41.5	59
41.6	68
41.7	58
41.8	59
41.9	68
42	58
42.1	59
42.2	68
42.3	58
42.4	59
42.5	68
42.6	58
42.7	59
42.8	68
42.9	58
43	59
43.1	68
43.2	58
43.3	59
43.4	68
43.5	58
43.6	59
43.7	68
43.8	58
43.9	59
44	68
44.1	58
44.2	59
44.3	68
44.4	58
44.5	59
44.6	68
44.7	58
44.8	59
44.9	68
45	58
45.1	59
45.2	68
45.3	58
45.4	59
45.5	68
45.6	58
45.7	59
45.8	68
45.9	58
46	59
46.1	68
46.2	58
46.3	59
46.4	68
46.5	58
46.6	59
46.7	68
46.8	58
46.9	59
47	68
47.1	58
47.2	59
47.3	68
47.4	58
47.5	59
47.6	68
47.7	58
47.8	59
47.9	68
48	58
48.1	59
48.2	68
48.3	58
48.4	59
48.5	68
48.6	58
48.7	59
48.8	67
48.9	58
49	59
49.1	67
49.2	58
49.3	59
49.4	67
49.5	58
49.6	59
49.7	67
49.8	58
49.9	59
50	67
50.1	58
50.2	59
50.3	67
50.4	58
50.5	59
50.6	67
50.7	58
50.8	59
50.9	67
51	58
51.1	59
51.2	67
51.3	58
51.4	59
51.5	67
51.6	58
51.7	59
51.8	67
51.9	58
52	59
52.1	67
52.2	58
52.3	59
52.4	67
52.5	58
52.6	59
52.7	67
52.8	58
52.9	59
53	67
53.1	58
53.2	59
53.3	68
53.4	58
53.5	59
53.6	67
53.7	58
53.8	59
53.9	67
54	58
54.1	59
54.2	67
54.3	58
54.4	59
54.5	67
54.6	58
54.7	59
54.8	67
54.9	58
55	59
55.1	67
55.2	58
55.3	59
55.4	67
55.5	58
55.6	59
55.7	67
55.8	58
55.9	59
56	67
56.1	58
56.2	59
56.3	67
56.4	58
56.5	59
56.6	67
56.7	58
56.8	59
56.9	67
57	57
57.1	59
57.2	66
57.3	58
57.4	60
57.5	67
57.6	58
57.7	60
57.8	66
57.9	58
58	60
58.1	67
58.2	58
58.3	60
58.4	66
58.5	58
58.6	60
58.7	67
58.8	58
58.9	59
59	66
59.1	57
59.2	59
59.3	66
59.4	57
59.5	60
59.6	67
59.7	57
59.8	59
59.9	63
60	58
60.1	68
60.2	59
60.3	59
60.4	65
60.5	58
60.6	60
60.7	61
60.8	61
60.9	67
61	59
61.1	59
61.2	67
61.3	57
61.4	59
61.5	64
61.6	58
61.7	63
61.8	67
61.9	58
62	60
62.1	66
62.2	57
62.3	60
62.4	63
62.5	58
62.6	68
62.7	58
62.8	59
62.9	63
63	58
63.1	63
63.2	60
63.3	60
63.4	68
63.5	58
63.6	59
63.7	64
63.8	57
63.9	60
64	60
64.1	67
64.2	58
64.3	59
64.4	66
64.5	57
64.6	59
64.7	61
64.8	58
64.9	68
65	58
65.1	59
65.2	63
65.3	57
65.4	63
65.5	60
65.6	60
65.7	60
65.8	61
65.9	59
66	60
66.1	61
66.2	60
66.3	59
66.4	60
66.5	61
66.6	60
66.7	59
66.8	60
66.9	60
67	59
67.1	60
67.2	60
67.3	59
67.4	60
67.5	60
67.6	59
67.7	60
67.8	60
67.9	59
68	59
68.1	59
68.2	59
68.3	59
68.4	59
68.5	59
68.6	59
68.7	59
68.8	59
68.9	59
69	59
69.1	59
69.2	58
69.3	58
69.4	58
69.5	58
69.6	59
69.7	60
69.8	59
69.9	60
70	60
70.1	58
70.2	59
70.3	58
70.4	58
70.5	58
70.6	58
70.7	58
70.8	58
70.9	58
71	58
71.1	58
71.2	58
71.3	58
71.4	58
71.5	58
71.6	58
71.7	58
71.8	59
71.9	58
72	58
72.1	57
72.2	57
72.3	57
72.4	57
72.5	57
72.6	57
72.7	57
72.8	57
72.9	57
73	57
73.1	57
73.2	57
73.3	57
73.4	57
73.5	57
73.6	57
73.7	57
73.8	57
73.9	56
74	38
74.1	23
74.2	18
74.3	19
74.4	62
74.5	57
74.6	56
74.7	57
74.8	57
74.9	57
75	57
75.1	57
75.2	57
75.3	57
75.4	57
75.5	57
75.6	57
75.7	57
75.8	57
75.9	57
76	57
76.1	56
76.2	57
76.3	56
76.4	56
76.5	56
76.6	57
76.7	56
76.8	57
76.9	56
77	56
77.1	21
77.2	19
77.3	68
77.4	53
77.5	55
77.6	34
77.7	21
77.8	17
77.9	17
78	18
78.1	28
78.2	60
78.3	58
78.4	18
78.5	18
78.6	64
78.7	20
78.8	18
78.9	59
79	55
79.1	43
79.2	23
79.3	21
79.4	20
79.5	65
79.6	57
79.7	56
79.8	36
79.9	21
80	18
80.1	20
80.2	63
80.3	57
80.4	55
80.5	57
80.6	19
80.7	19
80.8	66
80.9	50
81	31
81.1	21
81.2	48
81.3	33
81.4	21
81.5	18
81.6	17
81.7	60
81.8	55
81.9	57
82	38
82.1	23
82.2	18
82.3	28
82.4	58
82.5	21
82.6	30
82.7	64
82.8	21
82.9	20
83	63
83.1	19
83.2	18
83.3	63
83.4	21
83.5	19
83.6	61
83.7	54
83.8	19
83.9	30
84	57
84.1	21
84.2	23
84.3	67
84.4	19
84.5	17
84.6	62
84.7	21
84.8	20
84.9	63
85	23
85.1	19
85.2	64
85.3	21
85.4	19
85.5	62
85.6	43
85.7	21
85.8	18
85.9	30
86	57
86.1	22
86.2	30
86.3	63
86.4	19
86.5	20
86.6	64
86.7	18
86.8	16
86.9	61
87	20
87.1	21
87.2	64
87.3	20
87.4	18
87.5	68
87.6	21
87.7	18
87.8	59
87.9	21
88	21
88.1	67
88.2	18
88.3	16
88.4	61
88.5	18
88.6	18
88.7	62
88.8	21
88.9	19
89	67
89.1	20
89.2	18
89.3	61
89.4	36
89.5	21
89.6	49
89.7	30
89.8	20
89.9	60
90	18
90.1	16
90.2	59
90.3	19
90.4	31
90.5	54
90.6	30
90.7	20
90.8	46
90.9	37
91	21
91.1	17
91.2	16
91.3	60
91.4	19
91.5	16
91.6	60
91.7	20
91.8	31
91.9	55
92	31
92.1	20
92.2	50
92.3	30
92.4	21
92.5	17
92.6	28
92.7	20
92.8	18
92.9	30
93	21
93.1	18
93.2	30
93.3	21
93.4	17
93.5	26
93.6	21
93.7	19
93.8	32
93.9	21
94	16
94.1	16
94.2	29
94.3	19
94.4	16
94.5	18
94.6	32
94.7	20
94.8	16
94.9	15
95	30
95.1	19
95.2	16
95.3	30
95.4	21
95.5	16
95.6	16
95.7	32
95.8	19
95.9	15
96	15
96.1	16
96.2	31
96.3	21
96.4	16
96.5	18
96.6	30
96.7	19
96.8	16
96.9	23
97	30
97.1	20
97.2	16
97.3	28
97.4	21
97.5	17
97.6	28
97.7	20
97.8	16
97.9	28
98	21
98.1	17
98.2	29
98.3	20
98.4	16
98.5	25
98.6	21
98.7	21
98.8	32
98.9	21
99	16
99.1	25
99.2	21
99.3	18
99.4	32
99.5	20
99.6	16
99.7	16
99.8	16
99.9	28
100	21
100.1	18
100.2	31
100.3	21
100.4	18
100.5	28
100.6	21
100.7	17
100.8	29
100.9	21
101	16
101.1	25
101.2	21
101.3	20
101.4	32
101.5	21
101.6	16
101.7	25
101.8	20
101.9	18
102	32
102.1	21
102.2	16
102.3	15
102.4	18
102.5	30
102.6	21
102.7	18
102.8	30
102.9	21
103	17
103.1	27
103.2	21
103.3	18
103.4	30
103.5	21
103.6	17
103.7	27
103.8	21
103.9	17
104	30
104.1	21
104.2	17
104.3	27
104.4	21
104.5	17
104.6	29
104.7	21
104.8	16
104.9	27
105	21
105.1	17
105.2	27
105.3	21
105.4	18
105.5	30
105.6	21
105.7	17
105.8	27
105.9	21
106	17
106.1	30
106.2	21
106.3	17
106.4	27
106.5	21
106.6	18
106.7	30
106.8	21
106.9	17
107	26
107.1	21
107.2	18
107.3	31
107.4	21
107.5	17
107.6	27
107.7	21
107.8	17
107.9	30
108	21
108.1	17
108.2	27
108.3	21
108.4	18
108.5	30
108.6	21
108.7	17
108.8	26
108.9	21
109	18
109.1	31
109.2	21
109.3	17
109.4	25
109.5	21
109.6	20
109.7	32
109.8	21
109.9	16
110	15
110.1	30
110.2	19
110.3	16
110.4	28
110.5	21
110.6	16
110.7	28
110.8	20
110.9	16
111	16
111.1	31
111.2	19
111.3	16
111.4	26
111.5	21
111.6	20
111.7	32
111.8	21
111.9	16
112	15
112.1	30
112.2	20
112.3	16
112.4	16
112.5	32
112.6	20
112.7	15
112.8	15
112.9	23
113	21
113.1	18
113.2	25
113.3	19
113.4	16
113.5	26
113.6	21
113.7	18
113.8	30
113.9	21
114	17
114.1	28
114.2	20
114.3	16
114.4	16
114.5	31
114.6	20
114.7	16
114.8	30
114.9	21
115	17
115.1	29
115.2	19
115.3	15
115.4	26
115.5	21
115.6	18
115.7	30
115.8	21
115.9	17
116	27
116.1	21
116.2	16
116.3	27
116.4	21
116.5	16
116.6	24
116.7	21
116.8	23
116.9	31
117	21
117.1	16
117.2	16
117.3	32
117.4	20
117.5	16
117.6	25
117.7	21
117.8	18
117.9	31
118	21
118.1	17
118.2	28
118.3	20
118.4	16
118.5	16
118.6	31
118.7	20
118.8	16
118.9	30
119	21
119.1	16
119.2	16
119.3	32
119.4	20
119.5	15
119.6	15
119.7	24
119.8	21
119.9	18
120	28
120.1	21
120.2	16
120.3	16
120.4	32
120.5	20
120.6	16
120.7	16
120.8	30
120.9	21
121	17
121.1	29
121.2	20
121.3	16
121.4	16
121.5	32
121.6	18
121.7	15
121.8	14
121.9	15
122	31
122.1	21
122.2	18
122.3	31
122.4	21
122.5	16
122.6	15
122.7	30
122.8	20
122.9	16
123	16
123.1	32
123.2	20
123.3	15
123.4	23
123.5	20
123.6	18
123.7	29
123.8	21
123.9	16
124	16
124.1	32
124.2	19
124.3	15
124.4	15
124.5	29
124.6	20
124.7	16
124.8	28
124.9	20
125	16
125.1	24
125.2	22
125.3	21
125.4	32
125.5	21
125.6	16
125.7	15
125.8	31
125.9	19
126	15
126.1	16
126.2	31
126.3	21
126.4	18
126.5	26
126.6	21
126.7	17
126.8	30
126.9	21
127	18
127.1	26
127.2	23
127.3	20
127.4	32
127.5	20
127.6	15
127.7	14
127.8	23
127.9	21
128	23
128.1	23
128.2	31
128.3	19
128.4	15
128.5	15
128.6	31
128.7	18
128.8	14
128.9	14
129	25
129.1	18
129.2	15
129.3	16
129.4	28
129.5	19
129.6	15
129.7	15
129.8	31
129.9	20
130	16
130.1	24
130.2	21
130.3	17
130.4	29
130.5	20
130.6	16
130.7	25
130.8	23
130.9	21
131	32
131.1	21
131.2	16
131.3	14
131.4	30
131.5	20
131.6	16
131.7	15
131.8	32
131.9	18
132	15
132.1	13
132.2	13
132.3	14
132.4	16
132.5	23
132.6	21
132.7	17
132.8	24
132.9	18
133	15
133.1	15
133.2	16
133.3	24
133.4	20
133.5	16
133.6	15
133.7	24
133.8	21
133.9	17
134	15
134.1	24
134.2	20
134.3	16
134.4	15
134.5	23
134.6	20
134.7	16
134.8	15
134.9	18
135	24
135.1	17
135.2	14
135.3	13
135.4	14
135.5	22
135.6	18
135.7	15
135.8	16
135.9	22
136	20
136.1	16
136.2	15
136.3	18
136.4	24
136.5	17
136.6	14
136.7	13
136.8	14
136.9	21
137	20
137.1	16
137.2	15
137.3	23
137.4	20
137.5	15
137.6	15
137.7	22
137.8	20
137.9	16
138	15
138.1	16
138.2	24
138.3	18
138.4	14
138.5	14
138.6	15
138.7	24
138.8	20
138.9	16
139	15
139.1	23
139.2	20
139.3	15
139.4	15
139.5	22
139.6	21
139.7	16
139.8	15
139.9	16
140	25
140.1	18
140.2	15
140.3	15
140.4	24
140.5	18
140.6	14
140.7	15
140.8	15
140.9	24
141	18
141.1	15
141.2	15
141.3	24
141.4	20
141.5	16
141.6	15
141.7	23
141.8	20
141.9	15
142	15
142.1	16
142.2	24
142.3	17
142.4	14
142.5	15
142.6	16
142.7	24
142.8	20
142.9	15
143	24
143.1	17
143.2	15
143.3	16
143.4	24
143.5	18
143.6	15
143.7	15
143.8	23
143.9	18
144	15
144.1	16
144.2	16
144.3	23
144.4	16
144.5	14
144.6	14
144.7	16
144.8	22
144.9	18
145	15
145.1	15
145.2	15
145.3	23
145.4	16
145.5	14
145.6	13
145.7	14
145.8	15
145.9	22
146	16
146.1	14
146.2	14
146.3	15
146.4	16
146.5	16
146.6	18
146.7	21
146.8	16
146.9	14
147	14
147.1	15
147.2	16
147.3	22
147.4	16
147.5	14
147.6	16
147.7	30
147.8	23
147.9	23
148	34
148.1	55
148.2	24
148.3	18
148.4	15
148.5	27
148.6	30
148.7	21
148.8	16
148.9	15
149	32
149.1	21
149.2	16
149.3	25
149.4	20
149.5	15
149.6	16
149.7	32
149.8	21
149.9	16
150	25
150.1	18
150.2	15
150.3	25
150.4	22
150.5	18
150.6	31
150.7	22
150.8	18
150.9	27
151	22
151.1	17
151.2	28
151.3	22
151.4	18
151.5	28
151.6	23
151.7	20
151.8	32
151.9	23
152	21
152.1	30
152.2	22
152.3	18
152.4	30
152.5	23
152.6	22
152.7	30
152.8	22
152.9	18
153	30
153.1	23
153.2	22
153.3	31
153.4	23
153.5	21
153.6	31
153.7	59
153.8	35
153.9	24
154	52
154.1	31
154.2	23
154.3	60
154.4	37
154.5	25
154.6	20
154.7	30
154.8	22
154.9	58
155	35
155.1	25
155.2	19
155.3	18
155.4	38
155.5	62
155.6	59
155.7	35
155.8	25
155.9	20
156	57
156.1	57
156.2	57
156.3	57
156.4	57
156.5	58
156.6	58
156.7	58
156.8	58
156.9	58
157	58
157.1	58
157.2	58
157.3	58
157.4	58
157.5	58
157.6	58
157.7	59
157.8	58
157.9	59
158	59
158.1	59
158.2	59
158.3	59
158.4	59
158.5	59
158.6	59
158.7	59
158.8	59
158.9	59
159	59
159.1	59
159.2	59
159.3	59
159.4	59
159.5	59
159.6	59
159.7	59
159.8	59
159.9	59
160	59
160.1	59
160.2	59
160.3	60
160.4	60
160.5	60
160.6	60
160.7	60
160.8	60
160.9	61
161	60
161.1	69
161.2	59
161.3	59
161.4	68
161.5	60
161.6	59
161.7	66
161.8	60
161.9	59
162	67
162.1	60
162.2	59
162.3	67
162.4	60
162.5	59
162.6	67
162.7	60
162.8	59
162.9	67
163	60
163.1	59
163.2	67
163.3	60
163.4	60
163.5	67
163.6	60
163.7	60
163.8	68
163.9	60
164	60
164.1	68
164.2	60
164.3	60
164.4	68
164.5	60
164.6	60
164.7	68
164.8	60
164.9	60
165	68
165.1	60
165.2	60
165.3	68
165.4	60
165.5	60
165.6	68
165.7	60
165.8	60
165.9	68
166	60
166.1	60
166.2	68
166.3	61
166.4	60
166.5	69
166.6	60
166.7	60
166.8	69
166.9	60
167	60
167.1	69
167.2	60
167.3	60
167.4	69
167.5	61
167.6	60
167.7	69
167.8	61
167.9	60
168	69
168.1	61
168.2	60
168.3	70
168.4	61
168.5	59
168.6	70
168.7	61
168.8	60
168.9	70
169	61
169.1	60
169.2	70
169.3	61
169.4	60
169.5	70
169.6	61
169.7	60
169.8	70
169.9	61
170	60
170.1	70
170.2	61
170.3	60
170.4	70
170.5	62
170.6	60
170.7	70
170.8	61
170.9	60
171	70
171.1	62
171.2	60
171.3	70
171.4	61
171.5	60
171.6	70
171.7	61
171.8	60
171.9	70
172	62
172.1	60
172.2	71
172.3	60
172.4	60
172.5	70
172.6	62
172.7	60
172.8	71
172.9	61
173	60
173.1	71
173.2	61
173.3	60
173.4	70
173.5	62
173.6	60
173.7	71
173.8	60
173.9	60
174	70
174.1	62
174.2	60
174.3	71
174.4	61
174.5	60
174.6	70
174.7	62
174.8	60
174.9	71
175	60
175.1	61
175.2	70
175.3	63
175.4	60
175.5	71
175.6	60
175.7	61
175.8	70
175.9	62
176	60
176.1	71
176.2	60
176.3	70
176.4	58
176.5	71
176.6	58
176.7	68
176.8	61
176.9	71
177	58
177.1	68
177.2	61
177.3	71
177.4	58
177.5	68
177.6	60
177.7	71
177.8	59
177.9	68
178	60
178.1	71
178.2	58
178.3	68
178.4	60
178.5	71
178.6	58
178.7	68
178.8	60
178.9	72
179	58
179.1	67
179.2	61
179.3	72
179.4	58
179.5	61
179.6	70
179.7	62
179.8	71
179.9	58
180	69
180.1	59
180.2	71
180.3	59
180.4	69
180.5	60
180.6	71
180.7	59
180.8	69
180.9	60
181	71
181.1	59
181.2	69
181.3	60
181.4	71
181.5	59
181.6	69
181.7	60
181.8	71
181.9	59
182	69
182.1	60
182.2	71
182.3	59
182.4	69
182.5	60
182.6	71
182.7	59
182.8	69
182.9	60
183	71
183.1	59
183.2	69
183.3	60
183.4	71
183.5	59
183.6	69
183.7	60
183.8	71
183.9	59
184	69
184.1	60
184.2	71
184.3	59
184.4	69
184.5	60
184.6	71
184.7	59
184.8	69
184.9	60
185	71
185.1	59
185.2	69
185.3	60
185.4	71
185.5	59
185.6	69
185.7	60
185.8	71
185.9	59
186	69
186.1	60
186.2	71
186.3	59
186.4	69
186.5	60
186.6	71
186.7	59
186.8	69
186.9	60
187	71
187.1	59
187.2	69
187.3	60
187.4	71
187.5	59
187.6	69
187.7	60
187.8	71
187.9	59
188	69
188.1	60
188.2	71
188.3	59
188.4	69
188.5	60
188.6	71
188.7	59
188.8	69
188.9	60
189	71
189.1	59
189.2	69
189.3	60
189.4	71
189.5	59
189.6	69
189.7	60
189.8	71
189.9	59
190	69
190.1	60
190.2	71
190.3	59
190.4	69
190.5	60
190.6	71
190.7	59
190.8	69
190.9	60
191	71
191.1	59
191.2	69
191.3	60
191.4	71
191.5	59
191.6	69
191.7	60
191.8	71
191.9	59
192	69
192.1	60
192.2	71
192.3	59
192.4	69
192.5	60
192.6	71
192.7	59
192.8	69
192.9	60
193	71
193.1	59
193.2	69
193.3	60
193.4	71
193.5	59
193.6	69
193.7	60
193.8	71
193.9	59
194	69
194.1	60
194.2	71
194.3	59
194.4	69
194.5	60
194.6	71
194.7	59
194.8	69
194.9	60
195	71
195.1	59
195.2	69
195.3	60
195.4	71
195.5	59
195.6	69
195.7	60
195.8	71
195.9	59
196	69
196.1	60
196.2	71
196.3	59
196.4	69
196.5	60
196.6	71
196.7	59
196.8	69
196.9	60
197	71
197.1	59
197.2	69
197.3	60
197.4	71
197.5	59
197.6	69
197.7	60
197.8	71
197.9	59
198	69
198.1	60
198.2	71
198.3	59
198.4	69
198.5	60
198.6	71
198.7	59
198.8	69
198.9	60
199	71
199.1	59
199.2	69
199.3	62
199.4	71
199.5	59
199.6	68
199.7	60
199.8	72
199.9	59
200	68
200.1	60
200.2	72
200.3	58
200.4	68
200.5	68
200.6	66
200.7	68
200.8	67
200.9	67
201	68
201.1	67
201.2	68
201.3	67
201.4	67
201.5	68
201.6	67
201.7	67
201.8	68
201.9	67
202	67
202.1	68
202.2	67
202.3	67
202.4	68
202.5	67
202.6	67
202.7	68
202.8	67
202.9	67
203	68
203.1	67
203.2	67
203.3	68
203.4	67
203.5	67
203.6	68
203.7	67
203.8	67
203.9	68
204	67
204.1	67
204.2	68
204.3	67
204.4	67
204.5	68
204.6	67
204.7	67
204.8	68
204.9	67
205	67
205.1	68
205.2	67
205.3	67
205.4	67
205.5	68
205.6	67
205.7	67
205.8	67
205.9	68
206	67
206.1	67
206.2	67
206.3	68
206.4	67
206.5	67
206.6	67
206.7	68
206.8	67
206.9	67
207	68
207.1	67
207.2	67
207.3	68
207.4	67
207.5	67
207.6	68
207.7	67
207.8	67
207.9	68
208	67
208.1	67
208.2	67
208.3	68
208.4	67
208.5	67
208.6	67
208.7	67
208.8	67
208.9	67
209	67
209.1	67
209.2	67
209.3	67
209.4	67
209.5	67
209.6	67
209.7	67
209.8	67
209.9	67
210	67
210.1	67
210.2	67
210.3	67
210.4	67
210.5	67
210.6	67
210.7	67
210.8	67
210.9	67
211	67
211.1	67
211.2	67
211.3	67
211.4	67
211.5	67
211.6	67
211.7	67
211.8	67
211.9	67
212	67
212.1	67
212.2	67
212.3	67
212.4	67
212.5	67
212.6	67
212.7	67
212.8	67
212.9	67
213	67
213.1	67
213.2	67
213.3	67
213.4	67
213.5	67
213.6	67
213.7	67
213.8	67
213.9	67
214	67
214.1	67
214.2	67
214.3	67
214.4	67
214.5	67
214.6	67
214.7	67
214.8	67
214.9	67
215	67
215.1	67
215.2	67
215.3	67
215.4	67
215.5	67
215.6	67
215.7	67
215.8	67
215.9	67
216	67
216.1	67
216.2	67
216.3	67
216.4	67
216.5	67
216.6	67
216.7	67
216.8	67
216.9	67
217	67
217.1	67
217.2	67
217.3	67
217.4	67
217.5	67
217.6	67
217.7	67
217.8	67
217.9	67
218	67
218.1	67
218.2	67
218.3	67
218.4	67
218.5	67
218.6	67
218.7	67
218.8	67
218.9	67
219	67
219.1	67
219.2	67
219.3	67
219.4	67
219.5	67
219.6	67
219.7	67
219.8	68
219.9	67
220	67
220.1	67
220.2	67
220.3	68
220.4	67
220.5	67
220.6	68
220.7	67
220.8	67
220.9	68
221	67
221.1	67
221.2	68
221.3	67
221.4	68
221.5	67
221.6	68
221.7	67
221.8	68
221.9	67
222	68
222.1	67
222.2	68
222.3	67
222.4	68
222.5	67
222.6	68
222.7	67
222.8	68
222.9	67
223	68
223.1	67
223.2	68
223.3	67
223.4	68
223.5	67
223.6	68
223.7	67
223.8	68
223.9	67
224	68
224.1	67
224.2	68
224.3	67
224.4	68
224.5	67
224.6	68
224.7	68
224.8	67
224.9	68
225	67
225.1	68
225.2	67
225.3	68
225.4	68
225.5	68
225.6	68
225.7	68
225.8	68
225.9	68
226	68
226.1	68
226.2	68
226.3	68
226.4	68
226.5	68
226.6	68
226.7	68
226.8	68
226.9	68
227	68
227.1	68
227.2	68
227.3	68
227.4	68
227.5	68
227.6	68
227.7	68
227.8	68
227.9	68
228	68
228.1	68
228.2	68
228.3	68
228.4	68
228.5	68
228.6	68
228.7	68
228.8	68
228.9	68
229	68
229.1	68
229.2	68
229.3	68
229.4	68
229.5	68
229.6	68
229.7	68
229.8	68
229.9	68
230	68
230.1	68
230.2	68
230.3	68
230.4	68
230.5	68
230.6	68
230.7	68
230.8	68
230.9	68
231	68
231.1	68
231.2	68
231.3	68
231.4	68
231.5	68
231.6	68
231.7	68
231.8	68
231.9	68
232	68
232.1	68
232.2	68
232.3	68
232.4	68
232.5	68
232.6	68
232.7	68
232.8	68
232.9	68
233	68
233.1	68
233.2	68
233.3	68
233.4	68
233.5	68
233.6	68
233.7	68
233.8	68
233.9	68
234	68
234.1	68
234.2	68
234.3	68
234.4	68
234.5	68
234.6	68
234.7	68
234.8	68
234.9	68
235	68
235.1	68
235.2	68
235.3	68
235.4	68
235.5	68
235.6	68
235.7	68
235.8	68
235.9	68
236	68
236.1	68
236.2	68
236.3	68
236.4	68
236.5	68
236.6	68
236.7	68
236.8	68
236.9	68
237	68
237.1	68
237.2	68
237.3	68
237.4	68
237.5	68
237.6	68
237.7	68
237.8	68
237.9	68
238	68
238.1	68
238.2	68
238.3	68
238.4	68
238.5	68
238.6	68
238.7	68
238.8	68
238.9	68
239	68
239.1	68
239.2	68
239.3	68
239.4	68
239.5	68
239.6	68
239.7	68
239.8	68
239.9	68
240	69
240.1	68
240.2	68
240.3	68
240.4	68
240.5	69
240.6	68
240.7	68
240.8	68
240.9	69
241	68
241.1	68
241.2	68
241.3	69
241.4	68
241.5	69
241.6	68
241.7	68
241.8	68
241.9	69
242	68
242.1	69
242.2	68
242.3	69
242.4	68
242.5	69
242.6	68
242.7	69
242.8	68
242.9	69
243	68
243.1	69
243.2	68
243.3	69
243.4	68
243.5	69
243.6	68
243.7	69
243.8	68
243.9	69
244	68
244.1	69
244.2	68
244.3	69
244.4	68
244.5	69
244.6	68
244.7	69
244.8	68
244.9	69
245	68
245.1	69
245.2	68
245.3	69
245.4	68
245.5	69
245.6	68
245.7	69
245.8	68
245.9	69
246	68
246.1	69
246.2	68
246.3	69
246.4	68
246.5	69
246.6	68
246.7	69
246.8	68
246.9	69
247	68
247.1	69
247.2	68
247.3	69
247.4	69
247.5	68
247.6	69
247.7	68
247.8	69
247.9	68
248	69
248.1	69
248.2	69
248.3	68
248.4	69
248.5	69
248.6	69
248.7	69
248.8	69
248.9	69
249	69
249.1	69
249.2	69
249.3	69
249.4	69
249.5	69
249.6	69
249.7	69
249.8	69
249.9	69
250	69
250.1	69
250.2	69
250.3	69
250.4	69
250.5	69
250.6	69
250.7	69
250.8	69
250.9	69
251	69
251.1	69
251.2	69
251.3	69
251.4	69
251.5	69
251.6	69
251.7	69
251.8	69
251.9	69
252	69
252.1	69
252.2	69
252.3	69
252.4	69
252.5	70
252.6	69
252.7	69
252.8	69
252.9	69
253	69
253.1	69
253.2	69
253.3	69
253.4	70
253.5	69
253.6	69
253.7	70
253.8	69
253.9	70
254	69
254.1	69
254.2	69
254.3	70
254.4	69
254.5	70
254.6	69
254.7	70
254.8	69
254.9	70
255	69
255.1	70
255.2	69
255.3	70
255.4	69
255.5	70
255.6	69
255.7	70
255.8	69
255.9	70
256	69
256.1	70
256.2	69
256.3	70
256.4	69
256.5	70
256.6	69
256.7	70
256.8	69
256.9	70
257	69
257.1	70
257.2	69
257.3	70
257.4	69
257.5	70
257.6	69
257.7	70
257.8	70
257.9	70
258	70
258.1	69
258.2	70
258.3	70
258.4	69
258.5	70
258.6	69
258.7	70
258.8	70
258.9	70
259	70
259.1	70
259.2	69
259.3	70
259.4	70
259.5	70
259.6	70
259.7	70
259.8	69
259.9	70
260	70
260.1	70
260.2	70
260.3	70
260.4	70
260.5	70
260.6	70
260.7	70
260.8	70
260.9	70
261	70
261.1	70
261.2	70
261.3	70
261.4	70
261.5	70
261.6	70
261.7	70
261.8	70
261.9	70
262	70
262.1	70
262.2	70
262.3	70
262.4	70
262.5	70
262.6	70
262.7	70
262.8	70
262.9	70
263	70
263.1	70
263.2	70
263.3	70
263.4	70
263.5	70
263.6	70
263.7	70
263.8	70
263.9	70
264	70
264.1	70
264.2	70
264.3	70
264.4	70
264.5	70
264.6	70
264.7	70
264.8	70
264.9	70
265	70
265.1	70
265.2	70
265.3	70
265.4	70
265.5	70
265.6	70
265.7	70
265.8	70
265.9	70
266	70
266.1	70
266.2	70
266.3	70
266.4	70
266.5	70
266.6	70
266.7	70
266.8	70
266.9	70
267	70
267.1	70
267.2	70
267.3	70
267.4	70
267.5	70
267.6	70
267.7	70
267.8	70
267.9	70
268	70
268.1	70
268.2	70
268.3	70
268.4	70
268.5	70
268.6	70
268.7	70
268.8	70
268.9	70
269	70
269.1	70
269.2	70
269.3	71
269.4	70
269.5	71
269.6	70
269.7	71
269.8	70
269.9	70
270	70
270.1	70
270.2	71
270.3	70
270.4	71
270.5	70
270.6	71
270.7	70
270.8	71
270.9	70
271	71
271.1	70
271.2	71
271.3	70
271.4	71
271.5	70
271.6	71
271.7	71
271.8	70
271.9	71
272	71
272.1	70
272.2	71
272.3	71
272.4	71
272.5	71
272.6	71
272.7	71
272.8	73
272.9	71
273	74
273.1	70
273.2	75
273.3	70
273.4	75
273.5	70
273.6	75
273.7	70
273.8	75
273.9	69
274	75
274.1	69
274.2	74
274.3	69
274.4	73
274.5	69
274.6	73
274.7	69
274.8	74
274.9	69
275	73
275.1	70
275.2	73
275.3	70
275.4	73
275.5	70
275.6	73
275.7	70
275.8	73
275.9	70
276	73
276.1	70
276.2	74
276.3	70
276.4	73
276.5	70
276.6	74
276.7	70
276.8	73
276.9	70
277	74
277.1	70
277.2	73
277.3	70
277.4	74
277.5	70
277.6	74
277.7	70
277.8	74
277.9	70
278	74
278.1	70
278.2	74
278.3	70
278.4	74
278.5	70
278.6	74
278.7	70
278.8	74
278.9	70
279	74
279.1	70
279.2	74
279.3	70
279.4	74
279.5	70
279.6	74
279.7	70
279.8	74
279.9	70
280	74
280.1	70
280.2	74
280.3	70
280.4	74
280.5	70
280.6	74
280.7	70
280.8	74
280.9	70
281	74
281.1	70
281.2	74
281.3	70
281.4	74
281.5	70
281.6	74
281.7	70
281.8	74
281.9	70
282	74
282.1	70
282.2	75
282.3	70
282.4	75
282.5	70
282.6	74
282.7	71
282.8	74
282.9	71
283	74
283.1	71
283.2	74
283.3	71
283.4	74
283.5	71
283.6	74
283.7	71
283.8	74
283.9	71
284	74
284.1	71
284.2	74
284.3	71
284.4	74
284.5	71
284.6	74
284.7	71
284.8	74
284.9	71
285	74
285.1	71
285.2	74
285.3	71
285.4	75
285.5	70
285.6	75
285.7	71
285.8	75
285.9	71
286	75
286.1	71
286.2	75
286.3	70
286.4	75
286.5	71
286.6	75
286.7	71
286.8	75
286.9	71
287	75
287.1	71
287.2	75
287.3	71
287.4	75
287.5	71
287.6	75
287.7	71
287.8	75
287.9	71
288	75
288.1	71
288.2	75
288.3	71
288.4	75
288.5	71
288.6	75
288.7	71
288.8	75
288.9	71
289	75
289.1	71
289.2	75
289.3	71
289.4	75
289.5	71
289.6	75
289.7	71
289.8	75
289.9	71
290	75
290.1	71
290.2	75
290.3	71
290.4	75
290.5	72
290.6	75
290.7	72
290.8	75
290.9	73
291	75
291.1	73
291.2	75
291.3	73
291.4	75
291.5	73
291.6	75
291.7	73
291.8	75
291.9	73
292	75
292.1	73
292.2	75
292.3	73
292.4	75
292.5	73
292.6	75
292.7	73
292.8	75
292.9	73
293	75
293.1	73
293.2	75
293.3	73
293.4	75
293.5	73
293.6	75
293.7	73
293.8	75
293.9	73
294	75
294.1	73
294.2	75
294.3	74
294.4	74
294.5	74
294.6	74
294.7	74
294.8	74
294.9	74
295	74
295.1	74
295.2	74
295.3	74
295.4	74
295.5	74
295.6	74
295.7	74
295.8	74
295.9	74
296	74
296.1	74
296.2	75
296.3	74
296.4	74
296.5	74
296.6	74
296.7	74
296.8	75
296.9	74
297	74
297.1	74
297.2	74
297.3	74
297.4	75
297.5	74
297.6	75
297.7	74
297.8	75
297.9	74
298	75
298.1	74
298.2	75
298.3	74
298.4	76
298.5	73
298.6	75
298.7	74
298.8	75
298.9	76
299	74
299.1	76
299.2	74
299.3	76
299.4	75
299.5	75
299.6	75
299.7	75
299.8	76
299.9	74
300	79
300.1	75
300.2	75
300.3	76
300.4	74
300.5	77
300.6	73
300.7	79
300.8	75
300.9	75
301	76
301.1	74
301.2	78
301.3	75
301.4	75
301.5	77
301.6	74
301.7	78
301.8	75
301.9	75
302	77
302.1	74
302.2	77
302.3	73
302.4	79
302.5	75
302.6	75
302.7	77
302.8	75
302.9	76
303	76
303.1	75
303.2	77
303.3	74
303.4	77
303.5	75
303.6	78
303.7	75
303.8	75
303.9	77
304	76
304.1	76
304.2	77
304.3	76
304.4	76
304.5	76
304.6	75
304.7	77
304.8	76
304.9	75
305	77
305.1	76
305.2	75
305.3	77
305.4	76
305.5	76
305.6	77
305.7	76
305.8	76
305.9	77
306	76
306.1	78
306.2	75
306.3	75
306.4	78
306.5	75
306.6	76
306.7	77
306.8	76
306.9	77
307	77
307.1	76
307.2	75
307.3	77
307.4	76
307.5	76
307.6	77
307.7	76
307.8	78
307.9	78
308	78
308.1	76
308.2	77
308.3	76
308.4	79
308.5	76
308.6	78
308.7	78
308.8	78
308.9	76
309	78
309.1	78
309.2	78
309.3	76
309.4	77
309.5	77
309.6	77
309.7	77
309.8	76
309.9	78
310	78
310.1	78
310.2	78
310.3	78
310.4	78
310.5	78
310.6	78
310.7	78
310.8	78
310.9	78
311	78
311.1	78
311.2	78
311.3	78
311.4	78
311.5	78
311.6	79
311.7	79
311.8	76
311.9	77
312	77
312.1	79
312.2	77
312.3	79
312.4	77
312.5	79
312.6	79
312.7	76
312.8	78
312.9	78
313	78
313.1	78
313.2	79
313.3	79
313.4	79
313.5	79
313.6	79
313.7	79
313.8	79
313.9	79
314	79
314.1	79
314.2	79
314.3	79
314.4	79
314.5	79
314.6	79
314.7	79
314.8	79
314.9	79
315	79
315.1	79
315.2	79
315.3	79
315.4	79
315.5	79
315.6	79
315.7	79
315.8	79
315.9	79
316	79
316.1	79
316.2	79
316.3	79
316.4	79
316.5	79
316.6	79
316.7	79
316.8	79
316.9	79
317	78
317.1	78
317.2	80
317.3	77
317.4	79
317.5	79
317.6	79
317.7	78
317.8	77
317.9	79
318	79
318.1	79
318.2	78
318.3	77
318.4	79
318.5	79
318.6	78
318.7	77
318.8	79
318.9	79
319	78
319.1	77
319.2	79
319.3	78
319.4	77
319.5	79
319.6	78
319.7	77
319.8	79
319.9	79
320	78
320.1	77
320.2	79
320.3	78
320.4	79
320.5	78
320.6	80
320.7	76
320.8	79
320.9	78
321	79
321.1	78
321.2	77
321.3	79
321.4	78
321.5	77
321.6	79
321.7	78
321.8	78
321.9	77
322	79
322.1	78
322.2	77
322.3	79
322.4	78
322.5	79
322.6	78
322.7	79
322.8	78
322.9	79
323	78
323.1	79
323.2	78
323.3	79
323.4	78
323.5	79
323.6	77
323.7	78
323.8	79
323.9	77
324	78
324.1	79
324.2	77
324.3	78
324.4	79
324.5	77
324.6	78
324.7	79
324.8	77
324.9	78
325	79
325.1	77
325.2	78
325.3	79
325.4	77
325.5	78
325.6	79
325.7	77
325.8	77
325.9	78
326	79
326.1	77
326.2	78
326.3	79
326.4	77
326.5	77
326.6	78
326.7	79
326.8	77
326.9	77
327	78
327.1	79
327.2	77
327.3	77
327.4	77
327.5	78
327.6	78
327.7	77
327.8	78
327.9	78
328	78
328.1	77
328.2	79
328.3	77
328.4	77
328.5	78
328.6	78
328.7	78
328.8	78
328.9	78
329	78
329.1	78
329.2	78
329.3	78
329.4	78
329.5	78
329.6	78
329.7	78
329.8	78
329.9	78
330	78
330.1	78
330.2	78
330.3	78
330.4	78
330.5	78
330.6	78
330.7	78
330.8	78
330.9	78
331	78
331.1	78
331.2	78
331.3	78
331.4	78
331.5	78
331.6	78
331.7	78
331.8	78
331.9	78
332	78
332.1	78
332.2	78
332.3	78
332.4	78
332.5	78
332.6	78
332.7	78
332.8	78
332.9	78
333	78
333.1	78
333.2	78
333.3	78
333.4	78
333.5	77
333.6	77
333.7	79
333.8	76
333.9	77
334	77
334.1	77
334.2	79
334.3	76
334.4	77
334.5	77
334.6	79
334.7	76
334.8	76
334.9	76
335	76
335.1	76
335.2	77
335.3	75
335.4	78
335.5	77
335.6	75
335.7	78
335.8	77
335.9	75
336	78
336.1	77
336.2	75
336.3	77
336.4	75
336.5	78
336.6	75
336.7	77
336.8	75
336.9	78
337	75
337.1	77
337.2	75
337.3	77
337.4	75
337.5	77
337.6	75
337.7	77
337.8	75
337.9	77
338	75
338.1	77
338.2	75
338.3	77
338.4	75
338.5	77
338.6	75
338.7	77
338.8	75
338.9	77
339	75
339.1	77
339.2	75
339.3	77
339.4	75
339.5	77
339.6	75
339.7	77
339.8	75
339.9	77
340	75
340.1	77
340.2	75
340.3	77
340.4	75
340.5	77
340.6	75
340.7	76
340.8	76
340.9	76
341	76
341.1	76
341.2	76
341.3	76
341.4	76
341.5	76
341.6	76
341.7	76
341.8	76
341.9	76
342	76
342.1	76
342.2	76
342.3	76
342.4	76
342.5	76
342.6	76
342.7	75
342.8	77
342.9	75
343	76
343.1	75
343.2	77
343.3	75
343.4	76
343.5	75
343.6	77
343.7	75
343.8	76
343.9	75
344	76
344.1	76
344.2	75
344.3	76
344.4	76
344.5	75
344.6	76
344.7	75
344.8	76
344.9	75
345	76
345.1	75
345.2	76
345.3	75
345.4	76
345.5	75
345.6	76
345.7	75
345.8	76
345.9	75
346	76
346.1	75
346.2	76
346.3	75
346.4	76
346.5	75
346.6	76
346.7	75
346.8	76
346.9	75
347	76
347.1	75
347.2	76
347.3	75
347.4	76
347.5	75
347.6	76
347.7	75
347.8	76
347.9	75
348	76
348.1	75
348.2	76
348.3	75
348.4	76
348.5	75
348.6	76
348.7	75
348.8	76
348.9	75
349	76
349.1	75
349.2	76
349.3	75
349.4	76
349.5	75
349.6	76
349.7	75
349.8	76
349.9	75
350	76
350.1	75
350.2	76
350.3	75
350.4	76
350.5	75
350.6	76
350.7	75
350.8	76
350.9	75
351	76
351.1	75
351.2	76
351.3	75
351.4	76
351.5	75
351.6	76
351.7	75
351.8	76
351.9	75
352	76
352.1	75
352.2	76
352.3	75
352.4	76
352.5	75
352.6	76
352.7	75
352.8	75
352.9	76
353	75
353.1	76
353.2	75
353.3	75
353.4	76
353.5	75
353.6	75
353.7	76
353.8	75
353.9	75
354	76
354.1	75
354.2	75
354.3	75
354.4	76
354.5	75
354.6	75
354.7	75
354.8	76
354.9	75
355	75
355.1	75
355.2	76
355.3	75
355.4	75
355.5	75
355.6	75
355.7	76
355.8	75
355.9	75
356	75
356.1	75
356.2	75
356.3	75
356.4	75
356.5	75
356.6	75
356.7	75
356.8	75
356.9	75
357	75
357.1	75
357.2	75
357.3	75
357.4	75
357.5	75
357.6	75
357.7	75
357.8	75
357.9	75
358	75
358.1	75
358.2	75
358.3	75
358.4	75
358.5	75
358.6	75
358.7	75
358.8	75
358.9	75
359	75
359.1	75
359.2	75
359.3	75
359.4	75
359.5	75
359.6	75
359.7	75
359.8	75
359.9	75
360	75
360.1	75
360.2	75
360.3	75
360.4	75
360.5	75
360.6	75
360.7	75
360.8	75
360.9	75
361	75
361.1	75
361.2	75
361.3	75
361.4	75
361.5	75
361.6	75
361.7	75
361.8	75
361.9	75
362	75
362.1	75
362.2	75
362.3	75
362.4	75
362.5	75
362.6	75
362.7	75
362.8	75
362.9	75
363	75
363.1	75
363.2	75
363.3	75
363.4	75
363.5	75
363.6	75
363.7	75
363.8	75
363.9	75
364	75
364.1	75
364.2	75
364.3	75
364.4	75
364.5	75
364.6	75
364.7	75
364.8	75
364.9	75
365	75
365.1	75
365.2	75
365.3	75
365.4	75
365.5	75
365.6	75
365.7	75
365.8	75
365.9	75
366	75
366.1	75
366.2	75
366.3	75
366.4	75
366.5	75
366.6	75
366.7	75
366.8	75
366.9	75
367	75
367.1	75
367.2	75
367.3	75
367.4	75
367.5	75
367.6	75
367.7	75
367.8	75
367.9	75
368	75
368.1	75
368.2	75
368.3	75
368.4	75
368.5	75
368.6	75
368.7	75
368.8	75
368.9	75
369	75
369.1	75
369.2	75
369.3	75
369.4	75
369.5	75
369.6	75
369.7	75
369.8	75
369.9	75
370	75
370.1	75
370.2	75
370.3	75
370.4	75
370.5	75
370.6	75
370.7	75
370.8	75
370.9	75
371	75
371.1	75
371.2	75
371.3	75
371.4	75
371.5	75
371.6	75
371.7	75
371.8	75
371.9	75
372	75
372.1	75
372.2	75
372.3	75
372.4	75
372.5	75
372.6	75
372.7	75
372.8	75
372.9	75
373	74
373.1	74
373.2	74
373.3	74
373.4	75
373.5	74
373.6	74
373.7	75
373.8	74
373.9	74
374	74
374.1	75
374.2	74
374.3	74
374.4	74
374.5	75
374.6	74
374.7	74
374.8	75
374.9	74
375	74
375.1	74
375.2	74
375.3	75
375.4	74
375.5	74
375.6	74
375.7	74
375.8	74
375.9	75
376	74
376.1	74
376.2	74
376.3	75
376.4	74
376.5	74
376.6	74
376.7	74
376.8	74
376.9	75
377	74
377.1	74
377.2	74
377.3	75
377.4	74
377.5	74
377.6	74
377.7	75
377.8	74
377.9	74
378	74
378.1	75
378.2	74
378.3	74
378.4	74
378.5	75
378.6	74
378.7	74
378.8	74
378.9	74
379	74
379.1	75
379.2	74
379.3	74
379.4	74
379.5	75
379.6	74
379.7	74
379.8	74
379.9	74
380	74
380.1	74
380.2	75
380.3	74
380.4	74
380.5	74
380.6	74
380.7	74
380.8	74
380.9	75
381	74
381.1	74
381.2	74
381.3	74
381.4	74
381.5	75
381.6	74
381.7	74
381.8	74
381.9	74
382	74
382.1	74
382.2	75
382.3	74
382.4	74
382.5	74
382.6	74
382.7	74
382.8	74
382.9	74
383	74
383.1	74
383.2	75
383.3	74
383.4	74
383.5	74
383.6	74
383.7	74
383.8	74
383.9	75
384	74
384.1	74
384.2	74
384.3	74
384.4	74
384.5	74
384.6	75
384.7	74
384.8	74
384.9	74
385	74
385.1	74
385.2	74
385.3	74
385.4	75
385.5	74
385.6	74
385.7	74
385.8	72
385.9	74
386	72
386.1	74
386.2	72
386.3	74
386.4	72
386.5	74
386.6	72
386.7	74
386.8	72
386.9	74
387	72
387.1	74
387.2	72
387.3	74
387.4	72
387.5	74
387.6	72
387.7	74
387.8	72
387.9	74
388	72
388.1	74
388.2	72
388.3	74
388.4	72
388.5	74
388.6	72
388.7	74
388.8	72
388.9	74
389	72
389.1	74
389.2	71
389.3	72
389.4	74
389.5	72
389.6	74
389.7	71
389.8	72
389.9	74
390	71
390.1	72
390.2	74
390.3	30
390.4	58
390.5	29
390.6	28
390.7	64
390.8	28
390.9	58
391	29
391.1	13
391.2	29
391.3	13
391.4	29
391.5	14
391.6	29
391.7	27
391.8	15
391.9	29
392	15
392.1	29
392.2	24
392.3	26
392.4	10
392.5	27
392.6	11
392.7	29
392.8	29
392.9	15
393	29
393.1	8
393.2	29
393.3	15
393.4	29
393.5	25
393.6	10
393.7	29
393.8	15
393.9	29
394	29
394.1	28
394.2	11
394.3	28
394.4	11
394.5	29
394.6	15
394.7	29
394.8	28
394.9	26
395	11
395.1	29
395.2	28
395.3	30
395.4	28
395.5	12
395.6	28
395.7	26
395.8	16
395.9	30
396	28
396.1	10
396.2	29
396.3	13
396.4	28
396.5	28
396.6	22
396.7	28
396.8	29
396.9	14
397	29
397.1	9
397.2	26
397.3	20
397.4	29
397.5	29
397.6	12
397.7	28
397.8	24
397.9	28
398	13
398.1	28
398.2	26
398.3	13
398.4	26
398.5	12
398.6	29
398.7	14
398.8	29
398.9	14
399	30
399.1	15
399.2	30
399.3	25
399.4	17
399.5	29
399.6	10
399.7	29
399.8	15
399.9	30
400	25
400.1	14
400.2	29
400.3	29
400.4	14
400.5	29
400.6	11
400.7	29
400.8	16
400.9	29
401	13
401.1	29
401.2	8
401.3	26
401.4	29
401.5	25
401.6	25
401.7	20
401.8	30
401.9	31
402	29
402.1	11
402.2	28
402.3	26
402.4	12
402.5	29
402.6	14
402.7	28
402.8	28
402.9	28
403	11
403.1	14
403.2	29
403.3	29
403.4	28
403.5	11
403.6	29
403.7	28
403.8	12
403.9	29
404	16
404.1	30
404.2	28
404.3	10
404.4	29
404.5	14
404.6	29
404.7	9
404.8	29
404.9	29
405	28
405.1	11
405.2	26
405.3	15
405.4	26
405.5	27
405.6	11
405.7	28
405.8	12
405.9	29
406	15
406.1	29
406.2	26
406.3	20
406.4	29
406.5	25
406.6	27
406.7	24
406.8	28
406.9	12
407	14
407.1	29
407.2	29
407.3	24
407.4	28
407.5	28
407.6	29
407.7	30
407.8	27
407.9	14
408	29
408.1	16
408.2	29
408.3	28
408.4	26
408.5	11
408.6	29
408.7	26
408.8	27
408.9	10
409	29
409.1	28
409.2	13
409.3	29
409.4	16
409.5	29
409.6	27
409.7	10
409.8	29
409.9	13
410	28
410.1	11
410.2	25
410.3	29
410.4	29
410.5	14
410.6	29
410.7	10
410.8	29
410.9	15
411	29
411.1	23
411.2	27
411.3	28
411.4	29
411.5	14
411.6	29
411.7	9
411.8	29
411.9	15
412	29
412.1	24
412.2	27
412.3	26
412.4	13
412.5	27
412.6	13
412.7	28
412.8	28
412.9	30
413	14
413.1	29
413.2	9
413.3	29
413.4	29
413.5	28
413.6	12
413.7	29
413.8	29
413.9	14
414	29
414.1	8
414.2	29
414.3	25
414.4	28
414.5	26
414.6	12
414.7	29
414.8	29
414.9	12
415	26
415.1	13
415.2	29
415.3	15
415.4	29
415.5	26
415.6	16
415.7	29
415.8	15
415.9	29
416	27
416.1	10
416.2	29
416.3	28
416.4	28
416.5	28
416.6	22
416.7	29
416.8	29
416.9	15
417	29
417.1	8
417.2	29
417.3	28
417.4	27
417.5	28
417.6	23
417.7	28
417.8	29
417.9	29
418	21
418.1	28
418.2	23
418.3	28
418.4	29
418.5	20
418.6	28
418.7	14
418.8	29
418.9	8
419	28
419.1	23
419.2	28
419.3	29
419.4	25
419.5	27
419.6	15
419.7	26
419.8	29
419.9	13
420	29
420.1	16
420.2	29
420.3	16
420.4	30
420.5	15
420.6	29
420.7	25
420.8	10
420.9	29
421	28
421.1	28
421.2	12
421.3	29
421.4	22
421.5	28
421.6	29
421.7	14
421.8	29
421.9	8
422	29
422.1	24
422.2	28
422.3	28
422.4	12
422.5	29
422.6	28
422.7	12
422.8	29
422.9	26
423	25
423.1	15
423.2	29
423.3	15
423.4	29
423.5	25
423.6	23
423.7	28
423.8	29
423.9	28
424	11
424.1	26
424.2	14
424.3	28
424.4	29
424.5	15
424.6	29
424.7	8
424.8	29
424.9	28
425	27
425.1	26
425.2	26
425.3	12
425.4	28
425.5	13
425.6	27
425.7	28
425.8	27
425.9	28
426	14
426.1	29
426.2	15
426.3	29
426.4	23
426.5	27
426.6	27
426.7	15
426.8	30
426.9	26
427	26
427.1	11
427.2	29
427.3	29
427.4	14
427.5	29
427.6	9
427.7	29
427.8	16
427.9	28
428	14
428.1	29
428.2	8
428.3	29
428.4	28
428.5	11
428.6	14
428.7	29
428.8	10
428.9	29
429	28
429.1	14
429.2	29
429.3	12
429.4	29
429.5	12
429.6	28
429.7	13
429.8	29
429.9	8
430	29
430.1	24
430.2	28
430.3	28
430.4	12
430.5	29
430.6	23
430.7	28
430.8	29
430.9	14
431	29
431.1	8
431.2	28
431.3	16
431.4	28
431.5	29
431.6	19
431.7	28
431.8	28
431.9	12
432	28
432.1	28
432.2	23
432.3	28
432.4	28
432.5	29
432.6	30
432.7	25
432.8	26
432.9	12
433	28
433.1	28
433.2	12
433.3	29
433.4	22
433.5	28
433.6	29
433.7	14
433.8	29
433.9	8
434	28
434.1	16
434.2	28
434.3	14
434.4	28
434.5	8
434.6	29
434.7	30
434.8	12
434.9	28
435	17
435.1	28
435.2	19
435.3	28
435.4	24
435.5	28
435.6	28
435.7	11
435.8	28
435.9	26
436	12
436.1	28
436.2	27
436.3	13
436.4	29
436.5	14
436.6	29
436.7	25
436.8	28
436.9	11
437	14
437.1	28
437.2	29
437.3	27
437.4	13
437.5	29
437.6	15
437.7	29
437.8	27
437.9	11
438	29
438.1	13
438.2	29
438.3	9
438.4	29
438.5	28
438.6	12
438.7	26
438.8	13
438.9	29
439	15
439.1	29
439.2	27
439.3	11
439.4	29
439.5	14
439.6	28
439.7	28
439.8	27
439.9	12
440	29
440.1	28
440.2	13
440.3	29
440.4	12
440.5	28
440.6	13
440.7	29
440.8	9
440.9	29
441	29
441.1	24
441.2	27
441.3	27
441.4	25
441.5	26
441.6	12
441.7	29
441.8	26
441.9	27
442	11
442.1	28
442.2	27
442.3	13
442.4	27
442.5	28
442.6	11
442.7	13
442.8	28
442.9	28
443	28
443.1	14
443.2	29
443.3	10
443.4	29
443.5	15
443.6	29
443.7	20
443.8	30
443.9	30
444	28
444.1	13
444.2	29
444.3	15
444.4	29
444.5	26
444.6	12
444.7	28
444.8	13
444.9	29
445	13
445.1	29
445.2	11
445.3	29
445.4	15
445.5	28
445.6	13
445.7	29
445.8	12
445.9	29
446	14
446.1	29
446.2	16
446.3	29
446.4	15
446.5	29
446.6	22
446.7	28
446.8	29
446.9	27
447	12
447.1	28
447.2	28
447.3	26
447.4	16
447.5	29
447.6	14
447.7	29
447.8	26
447.9	28
448	13
448.1	29
448.2	15
448.3	29
448.4	23
448.5	28
448.6	22
448.7	28
448.8	26
448.9	28
449	29
449.1	29
449.2	23
449.3	28
449.4	28
449.5	28
449.6	27
449.7	14
449.8	29
449.9	13
450	29
450.1	10
450.2	29
450.3	15
450.4	29
450.5	13
450.6	29
450.7	14
450.8	29
450.9	26
451	15
451.1	29
451.2	14
451.3	29
451.4	15
451.5	29
451.6	26
451.7	11
451.8	29
451.9	15
452	28
452.1	28
452.2	12
452.3	26
452.4	12
452.5	29
452.6	25
452.7	28
452.8	21
452.9	28
453	26
453.1	16
453.2	29
453.3	9
453.4	29
453.5	15
453.6	29
453.7	15
453.8	28
453.9	28
454	14
454.1	28
454.2	8
454.3	28
454.4	27
454.5	13
454.6	29
454.7	17
454.8	28
454.9	25
455	28
455.1	16
455.2	29
455.3	8
455.4	28
455.5	20
455.6	28
455.7	28
455.8	13
455.9	28
456	28
456.1	28
456.2	26
456.3	23
456.4	26
456.5	14
456.6	27
456.7	28
456.8	13
456.9	28
457	14
457.1	29
457.2	15
457.3	29
457.4	14
457.5	29
457.6	26
457.7	28
457.8	28
457.9	28
458	12
458.1	29
458.2	24
458.3	28
458.4	28
458.5	11
458.6	28
458.7	26
458.8	12
458.9	27
459	12
459.1	28
459.2	28
459.3	28
459.4	13
459.5	27
459.6	28
459.7	28
459.8	11
459.9	28
460	28
460.1	15
460.2	28
460.3	15
460.4	29
460.5	27
460.6	15
460.7	28
460.8	29
460.9	27
461	12
461.1	29
461.2	24
461.3	28
461.4	28
461.5	11
461.6	29
461.7	28
461.8	24
461.9	27
462	27
462.1	13
462.2	28
462.3	10
462.4	29
462.5	23
462.6	28
462.7	28
462.8	26
462.9	13
463	29
463.1	14
463.2	29
463.3	26
463.4	13
463.5	28
463.6	29
463.7	13
463.8	29
463.9	14
464	29
464.1	15
464.2	27
464.3	28
464.4	12
464.5	29
464.6	16
464.7	29
464.8	13
464.9	29
465	28
465.1	12
465.2	28
465.3	28
465.4	28
465.5	28
465.6	21
465.7	28
465.8	26
465.9	15
466	29
466.1	10
466.2	28
466.3	15
466.4	29
466.5	14
466.6	29
466.7	14
466.8	29
466.9	25
467	28
467.1	14
467.2	28
467.3	14
467.4	29
467.5	26
467.6	15
467.7	28
467.8	28
467.9	12
468	28
468.1	13
468.2	28
468.3	29
468.4	14
468.5	28
468.6	12
468.7	28
468.8	12
468.9	28
469	13
469.1	28
469.2	9
469.3	28
469.4	25
469.5	28
469.6	26
469.7	12
469.8	28
469.9	29
470	20
470.1	28
470.2	28
470.3	12
470.4	14
470.5	28
470.6	29
470.7	25
470.8	26
470.9	12
471	29
471.1	28
471.2	19
471.3	28
471.4	9
471.5	28
471.6	28
471.7	11
471.8	28
471.9	13
472	29
472.1	15
472.2	29
472.3	15
472.4	29
472.5	15
472.6	29
472.7	25
472.8	12
472.9	28
473	13
473.1	28
473.2	14
473.3	29
473.4	26
473.5	13
473.6	28
473.7	14
473.8	29
473.9	26
474	11
474.1	26
474.2	12
474.3	28
474.4	28
474.5	26
474.6	12
474.7	28
474.8	16
474.9	29
475	23
475.1	28
475.2	27
475.3	13
475.4	27
475.5	29
475.6	13
475.7	28
475.8	13
475.9	28
476	14
476.1	28
476.2	28
476.3	13
476.4	29
476.5	15
476.6	28
476.7	14
476.8	28
476.9	14
477	29
477.1	26
477.2	28
477.3	28
477.4	28
477.5	12
477.6	28
477.7	23
477.8	28
477.9	28
478	13
478.1	28
478.2	15
478.3	28
478.4	17
478.5	29
478.6	14
478.7	29
478.8	25
478.9	14
479	29
479.1	24
479.2	25
479.3	12
479.4	28
479.5	12
479.6	28
479.7	28
479.8	12
479.9	28
480	26
480.1	12
480.2	28
480.3	27
480.4	28
480.5	12
480.6	28
480.7	28
480.8	15
480.9	28
481	8
481.1	29
481.2	28
481.3	13
481.4	27
481.5	12
481.6	28
481.7	12
481.8	28
481.9	13
482	27
482.1	8
482.2	29
482.3	28
482.4	27
482.5	12
482.6	28
482.7	26
482.8	13
482.9	28
483	14
483.1	28
483.2	12
483.3	28
483.4	15
483.5	29
483.6	26
483.7	11
483.8	13
483.9	28
484	29
484.1	24
484.2	27
484.3	27
484.4	24
484.5	27
484.6	26
484.7	25
484.8	26
484.9	13
485	27
485.1	13
485.2	27
485.3	28
485.4	20
485.5	28
485.6	8
485.7	28
485.8	14
485.9	29
486	14
486.1	28
486.2	28
486.3	12
486.4	28
486.5	27
486.6	29
486.7	29
486.8	12
486.9	28
487	26
487.1	13
487.2	27
487.3	14
487.4	28
487.5	26
487.6	28
487.7	27
487.8	27
487.9	13
488	27
488.1	14
488.2	28
488.3	26
488.4	14
488.5	28
488.6	22
488.7	28
488.8	28
488.9	26
489	12
489.1	27
489.2	21
489.3	28
489.4	29
489.5	18
489.6	28
489.7	8
489.8	27
489.9	19
490	28
490.1	29
490.2	15
490.3	27
490.4	8
490.5	27
490.6	22
490.7	28
490.8	28
490.9	26
491	11
491.1	27
491.2	28
491.3	26
491.4	12
491.5	28
491.6	26
491.7	12
491.8	28
491.9	28
492	28
492.1	20
492.2	28
492.3	29
492.4	15
492.5	27
492.6	8
492.7	27
492.8	16
492.9	28
493	16
493.1	27
493.2	17
493.3	28
493.4	24
493.5	28
493.6	27
493.7	11
493.8	27
493.9	27
494	28
494.1	13
494.2	27
494.3	28
494.4	26
494.5	11
494.6	27
494.7	28
494.8	28
494.9	12
495	27
495.1	22
495.2	28
495.3	28
495.4	21
495.5	27
495.6	28
495.7	12
495.8	27
495.9	20
496	28
496.1	29
496.2	20
496.3	28
496.4	10
496.5	28
496.6	29
496.7	24
496.8	25
496.9	13
497	28
497.1	29
497.2	28
497.3	13
497.4	27
497.5	13
497.6	27
497.7	10
497.8	27
497.9	14
498	28
498.1	14
498.2	28
498.3	13
498.4	29
498.5	14
498.6	28
498.7	13
498.8	28
498.9	24
499	17
499.1	28
499.2	28
499.3	11
499.4	25
499.5	12
499.6	28
499.7	28
499.8	27
499.9	11
500	25
500.1	12
500.2	27
500.3	29
500.4	24
500.5	26
500.6	24
500.7	25
500.8	11
500.9	27
501	27
501.1	12
501.2	27
501.3	15
501.4	27
501.5	15
501.6	28
501.7	13
501.8	28
501.9	26
502	26
502.1	27
502.2	23
502.3	26
502.4	23
502.5	27
502.6	27
502.7	27
502.8	28
502.9	24
503	26
503.1	12
503.2	27
503.3	9
503.4	27
503.5	21
503.6	28
503.7	28
503.8	24
503.9	25
504	12
504.1	27
504.2	28
504.3	28
504.4	11
504.5	27
504.6	27
504.7	12
504.8	27
504.9	25
505	13
505.1	27
505.2	14
505.3	28
505.4	14
505.5	28
505.6	28
505.7	13
505.8	27
505.9	12
506	27
506.1	10
506.2	27
506.3	12
506.4	27
506.5	11
506.6	27
506.7	21
506.8	28
506.9	28
507	27
507.1	11
507.2	25
507.3	11
507.4	27
507.5	14
507.6	29
507.7	26
507.8	13
507.9	27
508	13
508.1	27
508.2	13
508.3	28
508.4	27
508.5	11
508.6	27
508.7	16
508.8	27
508.9	27
509	11
509.1	12
509.2	27
509.3	28
509.4	26
509.5	13
509.6	27
509.7	14
509.8	29
509.9	26
510	11
510.1	13
510.2	26
510.3	28
510.4	14
510.5	27
510.6	9
510.7	29
510.8	26
510.9	12
511	27
511.1	26
511.2	12
511.3	27
511.4	22
511.5	28
511.6	27
511.7	23
511.8	28
511.9	29
512	27
512.1	11
512.2	26
512.3	23
512.4	27
512.5	11
512.6	27
512.7	28
512.8	26
512.9	27
513	27
513.1	15
513.2	27
513.3	10
513.4	27
513.5	27
513.6	28
513.7	13
513.8	27
513.9	15
514	27
514.1	10
514.2	27
514.3	20
514.4	28
514.5	29
514.6	26
514.7	11
514.8	27
514.9	26
515	13
515.1	27
515.2	12
515.3	27
515.4	19
515.5	27
515.6	29
515.7	26
515.8	11
515.9	27
516	20
516.1	28
516.2	29
516.3	25
516.4	13
516.5	27
516.6	13
516.7	28
516.8	25
516.9	13
517	28
517.1	26
517.2	25
517.3	12
517.4	27
517.5	11
517.6	27
517.7	14
517.8	26
517.9	27
518	12
518.1	27
518.2	26
518.3	11
518.4	27
518.5	26
518.6	26
518.7	25
518.8	11
518.9	27
519	28
519.1	24
519.2	25
519.3	11
519.4	28
519.5	24
519.6	12
519.7	27
519.8	26
519.9	11
520	27
520.1	28
520.2	26
520.3	11
520.4	27
520.5	27
520.6	28
520.7	11
520.8	27
520.9	27
521	28
521.1	11
521.2	27
521.3	22
521.4	28
521.5	28
521.6	13
521.7	27
521.8	15
521.9	27
522	26
522.1	13
522.2	27
522.3	9
522.4	28
522.5	22
522.6	26
522.7	26
522.8	26
522.9	26
523	26
523.1	11
523.2	27
523.3	20
523.4	28
523.5	29
523.6	26
523.7	11
523.8	27
523.9	26
524	13
524.1	27
524.2	11
524.3	27
524.4	15
524.5	27
524.6	25
524.7	11
524.8	26
524.9	11
525	27
525.1	13
525.2	27
525.3	11
525.4	27
525.5	15
525.6	27
525.7	14
525.8	27
525.9	17
526	26
526.1	27
526.2	12
526.3	27
526.4	26
526.5	11
526.6	27
526.7	26
526.8	25
526.9	25
527	12
527.1	28
527.2	29
527.3	25
527.4	12
527.5	27
527.6	15
527.7	27
527.8	26
527.9	12
528	27
528.1	10
528.2	27
528.3	16
528.4	27
528.5	27
528.6	10
528.7	26
528.8	12
528.9	26
529	29
529.1	26
529.2	10
529.3	25
529.4	11
529.5	27
529.6	27
529.7	26
529.8	11
529.9	27
530	25
530.1	12
530.2	27
530.3	16
530.4	27
530.5	27
530.6	10
530.7	26
530.8	11
530.9	27
531	12
531.1	27
531.2	14
531.3	27
531.4	17
531.5	26
531.6	25
531.7	12
531.8	27
531.9	14
532	27
532.1	11
532.2	27
532.3	17
532.4	26
532.5	26
532.6	11
532.7	25
532.8	10
532.9	26
533	12
533.1	25
533.2	28
533.3	12
533.4	27
533.5	14
533.6	27
533.7	12
533.8	27
533.9	14
534	27
534.1	26
534.2	11
534.3	27
534.4	12
534.5	26
534.6	9
534.7	26
534.8	13
534.9	27
535	10
535.1	27
535.2	16
535.3	26
535.4	25
535.5	12
535.6	26
535.7	14
535.8	27
535.9	15
536	27
536.1	12
536.2	27
536.3	22
536.4	27
536.5	16
536.6	27
536.7	7
536.8	27
536.9	25
537	12
537.1	26
537.2	13
537.3	27
537.4	11
537.5	27
537.6	16
537.7	25
537.8	24
537.9	14
538	27
538.1	14
538.2	26
538.3	26
538.4	11
538.5	26
538.6	25
538.7	25
538.8	26
538.9	12
539	27
539.1	14
539.2	26
539.3	26
539.4	10
539.5	26
539.6	12
539.7	26
539.8	12
539.9	26
540	16
540.1	26
540.2	26
540.3	10
540.4	26
540.5	25
540.6	25
540.7	25
540.8	13
540.9	27
541	13
541.1	26
541.2	12
541.3	26
541.4	15
541.5	26
541.6	13
541.7	27
541.8	14
541.9	27
542	22
542.1	25
542.2	24
542.3	12
542.4	28
542.5	24
542.6	10
542.7	25
542.8	23
542.9	14
543	25
543.1	20
543.2	26
543.3	27
543.4	23
543.5	15
543.6	27
543.7	12
543.8	27
543.9	12
544	26
544.1	17
544.2	25
544.3	27
544.4	13
544.5	27
544.6	6
544.7	26
544.8	24
544.9	13
545	27
545.1	7
545.2	26
545.3	25
545.4	12
545.5	26
545.6	8
545.7	26
545.8	25
545.9	25
546	10
546.1	26
546.2	25
546.3	24
546.4	12
546.5	26
546.6	13
546.7	26
546.8	24
546.9	25
547	16
547.1	26
547.2	6
547.3	25
547.4	12
547.5	26
547.6	10
547.7	26
547.8	13
547.9	26
548	22
548.1	24
548.2	24
548.3	11
548.4	26
548.5	7
548.6	25
548.7	25
548.8	14
548.9	26
549	6
549.1	25
549.2	25
549.3	20
549.4	25
549.5	25
549.6	23
549.7	15
549.8	24
549.9	25
550	24
550.1	6
550.2	25
550.3	25
550.4	24
550.5	25
550.6	10
550.7	25
550.8	24
550.9	11
551	26
551.1	25
551.2	10
551.3	11
551.4	26
551.5	6
551.6	25
551.7	24
551.8	10
551.9	25
552	24
552.1	10
552.2	25
552.3	10
552.4	25
552.5	25
552.6	13
552.7	25
552.8	7
552.9	25
553	11
553.1	26
553.2	7
553.3	25
553.4	12
553.5	26
553.6	13
553.7	25
553.8	18
553.9	26
554	25
554.1	11
554.2	25
554.3	13
554.4	26
554.5	26
554.6	5
554.7	24
554.8	12
554.9	25
555	17
555.1	25
555.2	26
555.3	15
555.4	25
555.5	7
555.6	27
555.7	28
555.8	23
555.9	13
556	25
556.1	6
556.2	25
556.3	12
556.4	25
556.5	8
556.6	25
556.7	15
556.8	25
556.9	13
557	26
557.1	20
557.2	23
557.3	25
557.4	25
557.5	24
557.6	23
557.7	9
557.8	25
557.9	25
558	15
558.1	25
558.2	27
558.3	23
558.4	12
558.5	25
558.6	5
558.7	24
558.8	26
558.9	5
559	24
559.1	7
559.2	25
559.3	25
559.4	24
559.5	6
559.6	11
559.7	24
559.8	25
559.9	24
560	7
560.1	25
560.2	14
560.3	24
560.4	24
560.5	6
560.6	24
560.7	22
560.8	23
560.9	10
561	24
561.1	9
561.2	25
561.3	27
561.4	22
561.5	6
561.6	24
561.7	23
561.8	6
561.9	25
562	10
562.1	25
562.2	13
562.3	26
562.4	12
562.5	26
562.6	12
562.7	26
562.8	25
562.9	5
563	24
563.1	28
563.2	21
563.3	12
563.4	24
563.5	18
563.6	26
563.7	27
563.8	22
563.9	7
564	26
564.1	26
564.2	20
564.3	6
564.4	22
564.5	20
564.6	22
564.7	6
564.8	24
564.9	23
565	24
565.1	24
565.2	23
565.3	12
565.4	25
565.5	5
565.6	25
565.7	22
565.8	26
565.9	27
566	20
566.1	12
566.2	26
566.3	24
566.4	5
566.5	9
566.6	24
566.7	23
566.8	25
566.9	5
567	27
567.1	21
567.2	22
567.3	5
567.4	25
567.5	24
567.6	23
567.7	8
567.8	10
567.9	24
568	25
568.1	5
568.2	23
568.3	11
568.4	24
568.5	22
568.6	5
568.7	28
568.8	24
568.9	6
569	27
569.1	26
569.2	22
569.3	9
569.4	24
569.5	15
569.6	24
569.7	12
569.8	25
569.9	25
570	22
570.1	13
570.2	25
570.3	13
570.4	25
570.5	25
570.6	16
570.7	22
570.8	24
570.9	23
571	10
571.1	25
571.2	23
571.3	5
571.4	24
571.5	23
571.6	11
571.7	25
571.8	5
571.9	25
572	24
572.1	19
572.2	22
572.3	21
572.4	22
572.5	10
572.6	11
572.7	23
572.8	5
572.9	24
573	9
573.1	24
573.2	10
573.3	23
573.4	24
573.5	26
573.6	16
573.7	22
573.8	24
573.9	23
574	11
574.1	24
574.2	24
574.3	14
574.4	25
574.5	24
574.6	6
574.7	27
574.8	26
574.9	20
575	20
575.1	10
575.2	23
575.3	24
575.4	19
575.5	22
575.6	23
575.7	22
575.8	24
575.9	22
576	23
576.1	23
576.2	24
576.3	23
576.4	23
576.5	20
576.6	10
576.7	24
576.8	23
576.9	7
577	8
577.1	23
577.2	23
577.3	23
577.4	5
577.5	22
577.6	5
577.7	23
577.8	24
577.9	10
578	26
578.1	4
578.2	24
578.3	24
578.4	16
578.5	23
578.6	24
578.7	24
578.8	19
578.9	21
579	19
579.1	23
579.2	5
579.3	22
579.4	20
579.5	22
579.6	14
579.7	24
579.8	25
579.9	19
580	23
580.1	5
580.2	21
580.3	23
580.4	23
580.5	4
580.6	22
580.7	23
580.8	12
580.9	25
581	26
581.1	20
581.2	5
581.3	25
581.4	31
581.5	16
581.6	23
581.7	23
581.8	23
581.9	5
582	27
582.1	24
582.2	15
582.3	21
582.4	25
582.5	24
582.6	15
582.7	25
582.8	24
582.9	10
583	25
583.1	23
583.2	24
583.3	23
583.4	21
583.5	4
583.6	24
583.7	23
583.8	17
583.9	20
584	24
584.1	24
584.2	21
584.3	10
584.4	10
584.5	25
584.6	23
584.7	25
584.8	24
584.9	5
585	27
585.1	25
585.2	16
585.3	21
585.4	24
585.5	20
585.6	25
585.7	24
585.8	16
585.9	22
586	24
586.1	23
586.2	23
586.3	23
586.4	5
586.5	20
586.6	5
586.7	21
586.8	24
586.9	17
587	9
587.1	21
587.2	24
587.3	3
587.4	23
587.5	20
587.6	11
587.7	21
587.8	23
587.9	23
588	3
588.1	8
588.2	24
588.3	23
588.4	22
588.5	4
588.6	27
588.7	25
588.8	16
588.9	20
589	24
589.1	23
589.2	18
589.3	11
589.4	23
589.5	23
589.6	18
589.7	10
589.8	39
589.9	13
590	25
590.1	24
590.2	22
590.3	12
590.4	24
590.5	22
590.6	23
590.7	24
590.8	4
590.9	25
591	23
591.1	17
591.2	10
591.3	25
591.4	10
591.5	37
591.6	58
591.7	24
591.8	18
591.9	19
592	57
592.1	19
592.2	58
592.3	26
592.4	49
592.5	23
592.6	4
592.7	43
592.8	55
592.9	21
593	22
593.1	10
593.2	24
593.3	47
593.4	24
593.5	57
593.6	63
593.7	26
593.8	47
593.9	18
594	7
594.1	48
594.2	24
594.3	48
594.4	65
594.5	68
594.6	60
594.7	63
594.8	58
594.9	62
595	63
595.1	60
595.2	60
595.3	62
595.4	62
595.5	60
595.6	61
595.7	62
595.8	61
595.9	60
596	61
596.1	61
596.2	60
596.3	60
596.4	61
596.5	60
596.6	60
596.7	60
596.8	61
596.9	60
597	61
597.1	60
597.2	61
597.3	59
597.4	61
597.5	60
597.6	60
597.7	60
597.8	60
597.9	60
598	59
598.1	59
598.2	60
598.3	59
598.4	60
598.5	54
598.6	52
598.7	61
598.8	59
598.9	60
599	60
599.1	49
599.2	63
599.3	65
599.4	58
599.5	63
599.6	58
599.7	52
599.8	55
599.9	55
600	49
600.1	61
600.2	55
600.3	58
600.4	60
600.5	57
600.6	57
600.7	61
600.8	50
600.9	58
601	49
601.1	61
601.2	51
601.3	50
601.4	51
601.5	58
601.6	60
601.7	61
601.8	50
601.9	60
602	61
602.1	50
602.2	61
602.3	61
602.4	49
602.5	59
602.6	57
602.7	59
602.8	60
602.9	61
603	50
603.1	61
603.2	49
603.3	60
603.4	59
603.5	58
603.6	55
603.7	51
603.8	49
603.9	53
604	49
604.1	26
604.2	51
604.3	60
604.4	35
604.5	20
604.6	63
604.7	57
604.8	28
604.9	17
605	8
605.1	5
605.2	4
605.3	4
605.4	3
605.5	3
605.6	3
605.7	3
605.8	3
605.9	3
606	3
606.1	3
606.2	3
606.3	3
606.4	2
606.5	3
606.6	2
606.7	3
606.8	2
606.9	3
607	2
607.1	3
607.2	2
607.3	3
607.4	2
607.5	3
607.6	2
607.7	3
607.8	2
607.9	3
608	2
608.1	4
608.2	2
608.3	2
608.4	2
608.5	3
608.6	2
608.7	2
608.8	2
608.9	2
609	2
609.1	3
609.2	2
609.3	3
609.4	2
609.5	3
609.6	2
609.7	3
609.8	2
609.9	3
610	2
610.1	3
610.2	2
610.3	3
610.4	2
610.5	3
610.6	2
610.7	3
610.8	2
610.9	3
611	2
611.1	3
611.2	2
611.3	3
611.4	2
611.5	3
611.6	2
611.7	3
611.8	2
611.9	3
612	2
612.1	3
612.2	2
612.3	3
612.4	2
612.5	3
612.6	2
612.7	3
612.8	2
612.9	3
613	2
613.1	3
613.2	2
613.3	3
613.4	2
613.5	3
613.6	2
613.7	3
613.8	2
613.9	3
614	2
614.1	3
614.2	2
614.3	3
614.4	2
614.5	3
614.6	2
614.7	3
614.8	2
614.9	3
615	2
615.1	3
615.2	2
615.3	3
615.4	2
615.5	3
615.6	2
615.7	3
615.8	2
615.9	3
616	2
616.1	3
616.2	2
616.3	3
616.4	2
616.5	3
616.6	2
616.7	3
616.8	2
616.9	3
617	2
617.1	3
617.2	2
617.3	3
617.4	2
617.5	3
617.6	2
617.7	3
617.8	2
617.9	3
618	2
618.1	3
618.2	2
618.3	3
618.4	2
618.5	3
618.6	3
618.7	3
618.8	3
618.9	3
619	3
619.1	3
619.2	3
619.3	3
619.4	3
619.5	3
619.6	3
619.7	3
619.8	3
619.9	3
620	3
620.1	3
620.2	3
620.3	3
620.4	3
620.5	3
620.6	3
620.7	3
620.8	3
620.9	3
621	3
621.1	3
621.2	3
621.3	3
621.4	3
621.5	3
621.6	3
621.7	3
621.8	3
621.9	3
622	3
622.1	3
622.2	3
622.3	3
622.4	3
622.5	3
622.6	3
622.7	3
622.8	3
622.9	3
623	3
623.1	3
623.2	3
623.3	3
623.4	3
623.5	3
623.6	3
623.7	3
623.8	3
623.9	3
624	3
624.1	3
624.2	3
624.3	3
624.4	3
624.5	3
624.6	3
624.7	2
624.8	3
624.9	2
625	3
625.1	2
625.2	3
625.3	2
625.4	3
625.5	2
625.6	3
625.7	2
625.8	3
625.9	2
626	3
626.1	2
626.2	3
626.3	2
626.4	3
626.5	2
626.6	3
626.7	2
626.8	3
626.9	2
627	3
627.1	2
627.2	3
627.3	2
627.4	3
627.5	2
627.6	3
627.7	2
627.8	3
627.9	2
628	3
628.1	2
628.2	3
628.3	2
628.4	3
628.5	2
628.6	3
628.7	2
628.8	3
628.9	2
629	3
629.1	2
629.2	3
629.3	2
629.4	3
629.5	2
629.6	3
629.7	2
629.8	3
629.9	2
630	3
630.1	2
630.2	3
630.3	2
630.4	3
630.5	2
630.6	3
630.7	2
630.8	3
630.9	2
631	3
631.1	2
631.2	3
631.3	2
631.4	3
631.5	2
631.6	3
631.7	2
631.8	3
631.9	2
632	3
632.1	2
632.2	3
632.3	3
632.4	3
632.5	3
632.6	3
632.7	3
632.8	3
632.9	3
633	3
633.1	3
633.2	3
633.3	3
633.4	3
633.5	3
633.6	3
633.7	3
633.8	3
633.9	3
634	3
634.1	3
634.2	3
634.3	3
634.4	3
634.5	3
634.6	3
634.7	3
634.8	3
634.9	3
635	3
635.1	3
635.2	3
635.3	3
635.4	3
635.5	3
635.6	3
635.7	3
635.8	3
635.9	3
636	3
636.1	3
636.2	3
636.3	3
636.4	3
636.5	3
636.6	3
636.7	3
636.8	3
636.9	3
637	3
637.1	3
637.2	3
637.3	3
637.4	3
637.5	3
637.6	3
637.7	3
637.8	3
637.9	3
638	3
638.1	3
638.2	3
638.3	3
638.4	3
638.5	3
638.6	3
638.7	3
638.8	3
638.9	4
639	47
639.1	21
639.2	23
639.3	23
639.4	22
639.5	4
639.6	9
639.7	25
639.8	22
639.9	16
640	4
640.1	5
640.2	22
640.3	16
640.4	19
640.5	6
640.6	10
640.7	23
640.8	23
640.9	19
641	9
641.1	21
641.2	23
641.3	13
641.4	24
641.5	13
641.6	6
641.7	18
641.8	19
641.9	9
642	12
642.1	24
642.2	23
642.3	23
642.4	17
642.5	20
642.6	9
642.7	20
642.8	23
642.9	23
643	16
643.1	20
643.2	21
643.3	13
643.4	11
643.5	23
643.6	8
643.7	18
643.8	22
643.9	7
644	22
644.1	11
644.2	17
644.3	20
644.4	5
644.5	23
644.6	19
644.7	18
644.8	7
644.9	15
645	11
645.1	16
645.2	18
645.3	22
645.4	3
645.5	23
645.6	23
645.7	3
645.8	14
645.9	17
646	18
646.1	22
646.2	23
646.3	3
646.4	18
646.5	18
646.6	10
646.7	23
646.8	23
646.9	18
647	10
647.1	9
647.2	23
647.3	1
647.4	16
647.5	18
647.6	22
647.7	19
647.8	5
647.9	1
648	17
648.1	19
648.2	21
648.3	12
648.4	18
648.5	3
648.6	20
648.7	18
648.8	22
648.9	3
649	9
649.1	4
649.2	22
649.3	20
649.4	10
649.5	17
649.6	10
649.7	23
649.8	23
649.9	21
650	22
650.1	3
650.2	9
650.3	23
650.4	26
650.5	13
650.6	7
650.7	17
650.8	18
650.9	22
651	17
651.1	23
651.2	17
651.3	22
651.4	22
651.5	3
651.6	14
651.7	3
651.8	22
651.9	5
652	18
652.1	3
652.2	19
652.3	9
652.4	9
652.5	5
652.6	18
652.7	20
652.8	4
652.9	11
653	12
653.1	23
653.2	23
653.3	23
653.4	7
653.5	23
653.6	19
653.7	8
653.8	17
653.9	19
654	23
654.1	17
654.2	8
654.3	11
654.4	23
654.5	19
654.6	23
654.7	10
654.8	4
654.9	15
655	6
655.1	23
655.2	15
655.3	19
655.4	19
655.5	21
655.6	10
655.7	15
655.8	18
655.9	18
656	11
656.1	22
656.2	19
656.3	9
656.4	17
656.5	20
656.6	21
656.7	7
656.8	23
656.9	5
657	23
657.1	21
657.2	10
657.3	22
657.4	23
657.5	20
657.6	21
657.7	23
657.8	9
657.9	12
658	23
658.1	1
658.2	16
658.3	19
658.4	22
658.5	18
658.6	23
658.7	9
658.8	5
658.9	21
659	20
659.1	10
659.2	18
659.3	4
659.4	18
659.5	7
659.6	16
659.7	18
659.8	4
659.9	18
660	20
660.1	21
660.2	7
660.3	22
660.4	24
660.5	8
660.6	5
660.7	16
660.8	18
660.9	20
661	18
661.1	10
661.2	5
661.3	22
661.4	19
661.5	21
661.6	1
661.7	23
661.8	2
661.9	7
662	21
662.1	10
662.2	23
662.3	15
662.4	5
662.5	16
662.6	18
662.7	19
662.8	17
662.9	7
663	5
663.1	15
663.2	3
663.3	20
663.4	10
663.5	22
663.6	20
663.7	8
663.8	2
663.9	16
664	26
664.1	11
664.2	14
664.3	13
664.4	14
664.5	14
664.6	10
664.7	23
664.8	19
664.9	3
665	4
665.1	5
665.2	13
665.3	12
665.4	5
665.5	17
665.6	26
665.7	11
665.8	14
665.9	16
666	20
666.1	15
666.2	4
666.3	21
666.4	3
666.5	14
666.6	14
666.7	10
666.8	18
666.9	7
667	22
667.1	23
667.2	4
667.3	18
667.4	22
667.5	20
667.6	22
667.7	3
667.8	21
667.9	8
668	6
668.1	21
668.2	21
668.3	23
668.4	21
668.5	3
668.6	5
668.7	13
668.8	10
668.9	10
669	21
669.1	18
669.2	9
669.3	22
669.4	17
669.5	10
669.6	22
669.7	16
669.8	24
669.9	12
670	15
670.1	9
670.2	23
670.3	19
670.4	9
670.5	4
670.6	16
670.7	22
670.8	26
670.9	2
671	19
671.1	19
671.2	20
671.3	8
671.4	8
671.5	22
671.6	19
671.7	23
671.8	22
671.9	22
672	9
672.1	13
672.2	14
672.3	9
672.4	23
672.5	16
672.6	19
672.7	9
672.8	4
672.9	6
673	15
673.1	4
673.2	19
673.3	19
673.4	3
673.5	8
673.6	20
673.7	20
673.8	9
673.9	15
674	9
674.1	23
674.2	18
674.3	6
674.4	2
674.5	23
674.6	17
674.7	8
674.8	20
674.9	19
675	5
675.1	9
675.2	23
675.3	15
675.4	19
675.5	12
675.6	12
675.7	12
675.8	12
675.9	6
676	20
676.1	19
676.2	17
676.3	9
676.4	10
676.5	18
676.6	8
676.7	9
676.8	23
676.9	15
677	13
677.1	17
677.2	19
677.3	5
677.4	13
677.5	11
677.6	5
677.7	13
677.8	5
677.9	20
678	3
678.1	17
678.2	19
678.3	23
678.4	19
678.5	3
678.6	21
678.7	24
678.8	2
678.9	8
679	22
679.1	18
679.2	20
679.3	6
679.4	9
679.5	20
679.6	20
679.7	19
679.8	11
679.9	3
680	17
680.1	12
680.2	8
680.3	12
680.4	13
680.5	14
680.6	14
680.7	13
680.8	13
680.9	8
681	17
681.1	17
681.2	18
681.3	20
681.4	8
681.5	22
681.6	13
681.7	8
681.8	23
681.9	4
682	13
682.1	10
682.2	10
682.3	20
682.4	19
682.5	8
682.6	8
682.7	22
682.8	18
682.9	20
683	20
683.1	8
683.2	21
683.3	18
683.4	7
683.5	22
683.6	17
683.7	9
683.8	15
683.9	9
684	22
684.1	17
684.2	20
684.3	8
684.4	21
684.5	4
684.6	11
684.7	1
684.8	19
684.9	4
685	4
685.1	13
685.2	14
685.3	13
685.4	8
685.5	18
685.6	21
685.7	1
685.8	8
685.9	16
686	18
686.1	21
686.2	8
686.3	15
686.4	14
686.5	8
686.6	17
686.7	20
686.8	18
686.9	2
687	15
687.1	1
687.2	15
687.3	12
687.4	14
687.5	9
687.6	11
687.7	3
687.8	12
687.9	7
688	12
688.1	13
688.2	14
688.3	6
688.4	20
688.5	20
688.6	9
688.7	3
688.8	12
688.9	15
689	13
689.1	3
689.2	16
689.3	14
689.4	13
689.5	14
689.6	9
689.7	23
689.8	22
689.9	2
690	3
690.1	15
690.2	3
690.3	15
690.4	13
690.5	7
690.6	21
690.7	18
690.8	1
690.9	8
691	22
691.1	15
691.2	21
691.3	5
691.4	18
691.5	18
691.6	18
691.7	21
691.8	20
691.9	9
692	4
692.1	12
692.2	12
692.3	13
692.4	14
692.5	13
692.6	7
692.7	7
692.8	14
692.9	8
693	16
693.1	9
693.2	13
693.3	11
693.4	14
693.5	8
693.6	17
693.7	7
693.8	22
693.9	1
694	15
694.1	13
694.2	7
694.3	14
694.4	13
694.5	14
694.6	12
694.7	13
694.8	10
694.9	20
695	3
695.1	14
695.2	14
695.3	18
695.4	18
695.5	7
695.6	13
695.7	13
695.8	13
695.9	18
696	11
696.1	5
696.2	8
696.3	13
696.4	6
696.5	13
696.6	13
696.7	2
696.8	8
696.9	17
697	7
697.1	14
697.2	1
697.3	17
697.4	20
697.5	14
697.6	13
697.7	13
697.8	14
697.9	6
698	13
698.1	12
698.2	14
698.3	13
698.4	13
698.5	8
698.6	17
698.7	16
698.8	18
698.9	5
699	16
699.1	7
699.2	15
699.3	9
699.4	11
699.5	1
699.6	17
699.7	20
699.8	14
699.9	14
700	10
700.1	1
700.2	10
700.3	4
700.4	22
700.5	18
700.6	3
700.7	8
700.8	5
700.9	15
701	14
701.1	7
701.2	17
701.3	24
701.4	1
701.5	8
701.6	14
701.7	6
701.8	16
701.9	9
702	22
702.1	3
702.2	16
702.3	11
702.4	14
702.5	9
702.6	21
702.7	3
702.8	18
702.9	14
703	11
703.1	9
703.2	1
703.3	12
703.4	11
703.5	14
703.6	13
703.7	12
703.8	11
703.9	3
704	14
704.1	11
704.2	12
704.3	5
704.4	21
704.5	5
704.6	8
704.7	14
704.8	16
704.9	11
705	22
705.1	17
705.2	7
705.3	5
705.4	17
705.5	1
705.6	15
705.7	7
705.8	14
705.9	3
706	15
706.1	2
706.2	19
706.3	10
706.4	14
706.5	9
706.6	22
706.7	4
706.8	24
706.9	2
707	21
707.1	8
707.2	1
707.3	14
707.4	12
707.5	11
707.6	12
707.7	11
707.8	8
707.9	14
708	13
708.1	7
708.2	15
708.3	14
708.4	10
708.5	22
708.6	21
708.7	15
708.8	11
708.9	21
709	18
709.1	19
709.2	1
709.3	1
709.4	12
709.5	3
709.6	12
709.7	9
709.8	22
709.9	18
710	5
710.1	8
710.2	22
710.3	18
710.4	20
710.5	8
710.6	5
710.7	1
710.8	14
710.9	1
711	16
711.1	2
711.2	11
711.3	3
711.4	9
711.5	4
711.6	16
711.7	3
711.8	14
711.9	9
712	23
712.1	17
712.2	5
712.3	20
712.4	6
712.5	5
712.6	15
712.7	14
712.8	12
712.9	14
713	14
713.1	10
713.2	22
713.3	19
713.4	13
713.5	8
713.6	12
713.7	11
713.8	14
713.9	13
714	17
714.1	12
714.2	7
714.3	14
714.4	7
714.5	15
714.6	2
714.7	19
714.8	20
714.9	1
715	18
715.1	21
715.2	8
715.3	4
715.4	11
715.5	1
715.6	18
715.7	2
715.8	8
715.9	1
716	4
716.1	14
716.2	13
716.3	13
716.4	17
716.5	7
716.6	14
716.7	8
716.8	16
716.9	9
717	12
717.1	2
717.2	25
717.3	1
717.4	18
717.5	19
717.6	18
717.7	20
717.8	20
717.9	21
718	8
718.1	4
718.2	7
718.3	5
718.4	23
718.5	1
718.6	1
718.7	5
718.8	5
718.9	13
719	14
719.1	13
719.2	18
719.3	11
719.4	14
719.5	7
719.6	15
719.7	2
719.8	14
719.9	10
720	22
720.1	19
720.2	8
720.3	18
720.4	7
720.5	4
720.6	8
720.7	13
720.8	7
720.9	12
721	14
721.1	13
721.2	13
721.3	13
721.4	15
721.5	14
721.6	8
721.7	21
721.8	20
721.9	2
722	9
722.1	11
722.2	3
722.3	12
722.4	14
722.5	8
722.6	15
722.7	8
722.8	13
722.9	11
723	12
723.1	14
723.2	12
723.3	16
723.4	14
723.5	3
723.6	14
723.7	9
723.8	7
723.9	7
724	14
724.1	13
724.2	17
724.3	12
724.4	17
724.5	12
724.6	13
724.7	13
724.8	14
724.9	14
725	11
725.1	5
725.2	17
725.3	3
725.4	14
725.5	13
725.6	18
725.7	12
725.8	13
725.9	9
726	20
726.1	1
726.2	10
726.3	5
726.4	13
726.5	13
726.6	14
726.7	12
726.8	12
726.9	14
727	12
727.1	17
727.2	9
727.3	8
727.4	22
727.5	18
727.6	7
727.7	4
727.8	12
727.9	13
728	14
728.1	14
728.2	8
728.3	11
728.4	14
728.5	12
728.6	14
728.7	9
728.8	11
728.9	3
729	25
729.1	2
729.2	13
729.3	14
729.4	2
729.5	25
729.6	2
729.7	19
729.8	21
729.9	1
730	5
730.1	10
730.2	1
730.3	11
730.4	9
730.5	22
730.6	17
730.7	20
730.8	9
730.9	20
731	19
731.1	9
731.2	6
731.3	14
731.4	13
731.5	13
731.6	13
731.7	16
731.8	13
731.9	9
732	23
732.1	20
732.2	6
732.3	8
732.4	3
732.5	7
732.6	5
732.7	23
732.8	1
732.9	18
733	20
733.1	1
733.2	4
733.3	18
733.4	13
733.5	9
733.6	14
733.7	8
733.8	13
733.9	11
734	13
734.1	9
734.2	3
734.3	13
734.4	12
734.5	13
734.6	12
734.7	22
734.8	14
734.9	13
735	14
735.1	9
735.2	21
735.3	4
735.4	15
735.5	13
735.6	7
735.7	17
735.8	9
735.9	7
736	15
736.1	7
736.2	15
